Neural Network with [3] layers: 5 50 5
Loss: 0.201372, Accuracy: 100%, stepSize: 0.1, reg: 0.0001
Weights: 
-0.00135332 -0.000760687 -0.000315322 0.0215522 -0.000223339 0.727882 1.34211 -0.000464915 -0.000684684 -0.0011566 -0.282854 -0.000902658 0.772487 0.00164507 0.766611 1.36505 1.59015 2.53119 -0.000722156 -0.043397 -0.10077 0.209487 0.522552 -1.72675 -0.00110706 -0.213728 0.266221 1.25445 0.000232437 0.12287 -9.73578e-05 1.47163 -0.000682511 -0.0341911 -0.000998254 0.76649 -0.00040729 -0.000770731 -7.77836e-05 -0.000102191 2.42854 -0.000570253 0.000197974 -0.117188 0.1764 -3.16526e-05 1.24278 -0.809709 0.616845 -0.000780825
-0.000997309 -0.001226 5.25539e-05 0.0454164 0.000505534 1.53379 2.81575 0.00035901 0.00130611 0.000356293 -0.691965 -3.64931e-05 1.62743 -0.0210169 1.61159 2.87 3.35746 5.3346 -0.000524225 -0.1097 -0.223931 0.440942 1.10142 -4.0864 -0.000610117 -0.527864 0.543286 2.65214 0.00123562 0.262474 0.00124804 3.10739 -6.37915e-05 -0.135379 0.00104383 1.61969 -0.000129108 0.000486099 1.61206e-05 0.00122171 5.11697 0.000101299 0.00102174 -0.257954 0.361784 0.000454303 2.62221 -1.9197 1.29683 0.00135095
0.000691841 0.000484129 0.000895817 -0.0128174 0.000240831 -0.41164 -0.759978 0.000694021 0.00060267 0.00104128 0.147182 0.00107633 -0.435691 -0.00439345 -0.435003 -0.776463 -0.90024 -1.43291 -0.000403254 0.023737 0.0556048 -0.121272 -0.294553 0.910468 -0.00134522 0.110123 -0.152382 -0.710102 0.000155687 -0.0685088 -0.00101221 -0.830601 -0.000299591 0.00858806 -0.00110385 -0.434737 0.000836214 0.00110682 0.000271734 0.000359281 -1.37372 3.907e-05 -0.000159226 0.0647791 -0.0994932 0.000493312 -0.703286 0.427531 -0.348963 -0.000937581
-0.000111921 0.000485298 -0.00125976 0.02323 0.00116505 0.837429 1.55071 0.00132908 0.000685753 -0.000615201 -0.323159 0.00110759 0.887372 0.00702971 0.896754 1.58572 1.83507 2.93326 3.59276e-05 -0.0534904 -0.119714 0.244585 0.606007 -1.9781 -0.000231981 -0.245686 0.31633 1.44651 -0.000951745 0.13637 -0.000812661 1.69336 -0.000803206 -0.0267822 -0.00091432 0.890306 0.0011684 -0.00067633 0.000859537 -0.000164213 2.81223 -0.00107338 0.000622352 -0.132653 0.198104 -0.000813119 1.43445 -0.932017 0.71519 0.00035319
8.86904e-05 0.00117657 -0.00120864 0.140882 0.000936963 4.27313 7.61342 -0.000364485 0.000410112 -0.000172114 -3.04984 -0.00118941 4.54531 -0.366561 4.30735 7.72615 9.38123 14.6294 0.000246615 -0.474201 -0.715223 1.16463 3.03635 -16.623 -0.00128059 -2.38508 1.2217 7.44052 0.00130511 0.837321 -0.000489233 8.73519 -0.00127654 -1.22296 -0.00116099 4.48437 0.000410457 0.000976732 0.000692486 0.000878851 14.0419 -0.000232697 0.000996407 -0.866761 0.9409 0.00112727 7.26084 -7.79421 3.53721 0.000314923

-0.00135332 0.000721316 0.00010097 -9.73578e-05 0.000511511
-0.000997309 -6.0273e-05 -8.68374e-05 0.00124804 0.000547308
0.000691841 -0.00070976 -0.000575948 -0.00101221 0.00131855
-0.105082 -0.0407795 0.00328344 0.0571609 0.0842423
8.86904e-05 -0.000380924 -0.000937269 -0.000489233 0.000950774
-3.35371 -1.11619 0.176696 1.76699 2.52452
-6.06573 -1.93298 0.359414 3.15581 4.48213
0.000484129 0.00107633 -0.00126387 0.000409395 3.907e-05
0.000485298 0.00110759 9.32446e-05 0.000329224 -0.00107338
0.00117657 -0.00118941 -4.11383e-06 0.000820321 -0.000232697
1.93772 1.01758 0.168519 -1.15325 -1.96903
5.25539e-05 1.2242e-05 0.000672048 -6.37915e-05 0.00101924
-3.56176 -1.18834 0.184287 1.87637 2.69007
0.162251 0.161604 0.0587963 -0.12832 -0.255205
-3.45276 -1.07509 0.206412 1.78479 2.53682
-6.16907 -1.95123 0.37027 3.20868 4.54401
-7.35089 -2.45023 0.374573 3.87325 5.55283
-11.572 -3.75697 0.637434 6.05308 8.63483
-0.000315556 0.00121195 0.000581151 0.0012112 0.000654247
0.302398 0.153313 0.0276115 -0.178533 -0.309661
0.523156 0.200604 0.000159168 -0.28305 -0.442151
-0.939122 -0.289403 0.0611824 0.487202 0.680834
-2.39591 -0.78186 0.126149 1.25254 1.79618
10.911 5.35275 0.715171 -6.33576 -10.6432
0.000936963 8.05166e-05 -0.00128059 -0.00116099 0.000577666
1.50086 0.801213 0.142376 -0.897555 -1.54675
-1.07522 -0.249066 0.10939 0.518199 0.697753
-5.81785 -1.95157 0.290836 3.0702 4.40638
-0.000227894 0.000707304 -0.000864243 0.000765878 -0.000811089
-0.615213 -0.245118 0.0168846 0.3439 0.501336
0.00111061 0.000887296 0.00104746 -0.00040729 0.000990327
-6.82309 -2.29544 0.340847 3.60398 5.17473
-0.000642963 -0.00131039 -0.000946431 0.000836214 0.000118954
0.616606 0.494951 0.158098 -0.431482 -0.838205
0.000638998 0.000996727 -0.000309063 0.000410457 -0.000134394
-3.53016 -1.15873 0.183713 1.85172 2.6536
0.00035901 0.000639384 -7.00942e-07 0.000486099 -0.000769963
0.000694021 0.000610118 -0.000954015 0.00110682 -0.000146097
0.00132908 0.00135187 0.000235986 -0.00067633 -0.000498753
-0.000364485 0.00105174 0.000935362 0.000976732 3.96784e-05
-11.1028 -3.60857 0.611847 5.81026 8.28907
0.00130611 -0.000524225 0.00123265 1.61206e-05 -0.000163144
0.000600749 -0.000405175 0.000150048 0.000270172 -8.05553e-05
0.620048 0.255648 0.0032827 -0.341675 -0.535846
-0.764621 -0.233423 0.058675 0.394478 0.547184
-0.00115661 0.000936454 -0.000246947 -0.000102198 -0.000780796
-5.71369 -1.88271 0.304317 3.00279 4.29102
5.12005 2.50539 0.337154 -2.9693 -4.99173
-2.80651 -0.903213 0.157791 1.46379 2.08642
-0.000172114 -0.000229 -3.10874e-05 0.000878851 0.000314923

Bias: 
0 0 0 0.00230761 0 0.224943 0.489639 0 0 0 0.67334 0 0.220473 0.175636 0.277628 0.51902 0.44723 0.824495 0 0.115561 0.0593796 0.0955977 0.150704 3.19586 0 0.558055 0.19371 0.34176 -0.000400278 0.0168141 0 0.397523 0 0.511746 0 0.221001 0 0 0 0 0.789819 0 -0.000334982 0.0729992 0.0955388 -6.03912e-05 0.381518 1.5052 0.205745 0

-1.41478 0.365939 1.69886 1.22133 -1.87135

End File