Neural Network with [3] layers: 5 50 5
Loss: 0.183419, Accuracy: 100%, stepSize: 0.1, reg: 0.0001
Weights: 
0.0989474 2.05031 -0.000315322 -0.213342 -0.000223339 0.933895 1.92893 -0.000464915 -0.000684684 -0.0011566 -0.676813 -0.000902658 0.00109568 0.0367031 0.872676 1.28241 2.34768 0.000350632 0.225707 0.000936461 -0.424398 0.330963 0.00123252 -5.78069 -4.59067 -0.358739 0.703944 1.28647 0.000243874 0.0124112 -1.95538 1.86967 -0.000679703 0.317783 -4.7805 0.824093 -0.00040729 -0.000770731 -7.77836e-05 -0.000102191 0.000511511 -2.68678 0.000207647 0.000583674 0.582803 -3.00203e-05 0.000990327 -1.91687 0.00103261 0.470133
0.0666907 0.266412 5.25539e-05 -0.0313915 0.000505534 0.126083 0.167296 0.00035901 0.00130611 0.000356293 -0.0349041 -3.64931e-05 1.67394e-05 -0.0042585 0.0636482 0.163892 0.172924 0.000639384 0.0777905 -0.000237969 -0.0400738 0.0310699 0.000672048 -0.240032 -0.191951 -0.0202814 0.0451557 0.0993425 0.00123346 -0.0060561 -0.0849217 0.144226 -5.84651e-05 0.0664634 -0.169707 0.0529475 -0.000129108 0.000486099 1.61206e-05 0.00122171 0.000547308 -0.0940279 0.00101924 0.000813953 0.065897 0.000454828 0.00105566 -0.0832926 -0.000163144 0.0934823
-0.0735479 -0.291658 0.000895817 0.0154279 0.000240831 -0.138229 -0.187773 0.000694021 0.00060267 0.00104128 0.0255343 0.00107633 5.03613e-05 -0.00128436 -0.0751843 -0.179588 -0.195815 0.000610118 -0.0855342 0.00092436 0.0247623 -0.0331096 0.000147741 0.199487 0.159632 0.0155946 -0.0551167 -0.111189 0.000153104 0.00473551 0.0696863 -0.160676 -0.000292265 -0.0744234 0.144396 -0.0634255 0.000836214 0.00110682 0.000271734 0.000359281 0.00131855 0.0809646 -0.000162296 0.000559025 -0.0729466 0.000494106 0.000118954 0.0690069 -8.7881e-05 -0.100458
-0.00148094 -0.00463485 -0.00125976 -0.00346959 0.00116505 -0.00262167 -0.00551752 0.00132908 0.000685753 -0.000615201 -0.00240623 0.00110759 -0.000487571 0.000417477 -0.00109886 -0.00256686 -0.0037875 0.00135187 -0.00138836 -0.000624384 -0.0039316 -0.000239886 0.0010576 -0.00753601 -0.00657664 -0.00194361 -0.00147879 -0.00203994 -0.000951933 -0.000780984 -0.00404545 -0.00298268 -0.000800562 -0.000208049 -0.00619064 -0.00107699 0.0011684 -0.00067633 0.000859537 -0.000164213 0.00122996 -0.00383234 0.000621853 0.000654247 -0.00264331 -0.000812721 -0.000976583 -0.00329241 0.000830003 -0.0011907
3.0487 13.4412 -0.00120864 -1.61693 0.000936963 6.3609 8.87751 -0.000364485 0.000410112 -0.000172114 -2.12529 -0.00118941 0.00131366 -0.141555 3.49538 8.20007 9.55246 0.00105174 3.62273 -0.000229 -2.15523 1.60524 0.000337927 -15.4027 -12.2928 -1.25641 2.51346 5.41909 0.00130748 -0.366901 -5.45119 7.91572 -0.0012744 3.18174 -11.5264 3.01186 0.000410457 0.000976732 0.000692486 0.000878851 0.000950774 -6.37863 0.000999478 -0.00130166 3.37049 0.00112686 -0.000134394 -5.2516 -0.000364974 4.43846

-2.24265 -0.740824 0.310561 1.19079 1.482
-9.52306 -3.58997 0.80289 4.57825 7.73254
0.000691841 -0.00070976 -0.000575948 -0.00101221 0.00131855
1.05963 0.530646 -0.000858739 -0.69745 -0.893139
8.86904e-05 -0.000380924 -0.000937269 -0.000489233 0.000950774
-4.51384 -1.69401 0.391525 2.18289 3.63174
-6.1909 -2.45226 0.363135 2.7414 5.53727
0.000484129 0.00107633 -0.00126387 0.000409395 3.907e-05
0.000485298 0.00110759 9.32446e-05 0.000329224 -0.00107338
0.00117657 -0.00118941 -4.11383e-06 0.000820321 -0.000232697
1.36718 0.705503 0.066116 -0.660752 -1.47651
5.25539e-05 1.2242e-05 0.000672048 -6.37915e-05 0.00101924
0.000894455 4.27349e-05 0.000146498 -0.000299702 -0.000158217
0.0917293 0.0499164 -0.00353592 -0.103425 -0.0355577
-2.42672 -0.970941 0.119519 1.01207 2.26624
-5.80638 -2.1914 0.484175 2.7745 4.74176
-6.59599 -2.69725 0.290238 2.84245 6.16008
-0.0013325 -0.00110775 -0.000777489 -0.000968934 0.000559025
-2.63647 -0.904997 0.32761 1.37562 1.84158
-0.00117242 -0.00115372 -0.00100031 -0.000242754 -0.00130166
1.41078 0.701584 0.0132759 -0.828338 -1.29858
-1.11233 -0.451772 0.058886 0.519093 0.986816
0.000240831 -0.000603368 -0.00134522 -0.00110385 -9.92736e-05
9.84194 5.13601 0.631153 -4.23954 -11.3696
7.86273 4.09112 0.491968 -3.38904 -9.05762
0.816407 0.409638 0.02576 -0.409496 -0.842159
-1.73788 -0.701771 0.0712406 0.681647 1.68782
-3.74773 -1.52706 0.17532 1.63751 3.45995
-0.000227391 0.000707807 -0.00086374 0.000766377 -0.000813097
0.214752 0.0963659 -0.0206317 -0.280258 -0.00843905
3.49416 1.81162 0.204145 -1.55161 -3.95469
-5.47499 -2.2289 0.260079 2.39715 5.0477
-0.000639223 -0.00130902 -0.000946939 0.00083415 0.000116417
-2.29503 -0.812743 0.251801 1.14963 1.70631
7.28868 3.90593 0.602074 -2.94624 -8.84885
-2.07405 -0.851936 0.0769885 0.842878 2.00626
0.00035901 0.000639384 -7.00942e-07 0.000486099 -0.000769963
0.000694021 0.000610118 -0.000954015 0.00110682 -0.000146097
0.00132908 0.00135187 0.000235986 -0.00067633 -0.000498753
-0.000364485 0.00105174 0.000935362 0.000976732 3.96784e-05
-0.000684684 -0.000722156 0.000243895 -7.77836e-05 0.00103261
4.02948 2.16332 0.344059 -1.60702 -4.92797
0.00060267 -0.000403254 0.00015197 0.000271734 -8.7881e-05
0.000685753 3.59276e-05 -0.000952341 0.000859537 0.000830003
-2.3774 -0.90784 0.18437 1.11209 1.99107
-0.00115667 0.000936395 -0.000247005 -0.000102234 -0.000780585
0.000356293 -0.000237969 -0.000969479 0.00122171 0.00135095
3.36675 1.7423 0.198036 -1.46968 -3.83584
-0.000615201 -0.000624384 -0.000670914 -0.000164213 0.00035319
-3.18484 -1.15103 0.330372 1.60723 2.39903

Bias: 
0.51444 1.39128 0 0.255324 0 0.672652 0.747127 0 0 0 0.248993 0 -0.000593398 0.054702 0.299979 0.85059 0.638053 0 0.536316 0 0.273255 0.0930853 0 1.6666 1.30372 0.129715 0.221814 0.364886 -0.000107467 0.0138775 0.587314 0.536605 -0.000697674 0.433101 1.37276 0.216611 0 0 0 0 0 0.761176 0 0 0.336792 -0.000128626 0 0.545593 0 0.541501

-2.03988 1.4503 2.07613 -0.333433 -1.15311

End File