Neural Network with [3] layers: 5 50 5
Loss: 0.281714, Accuracy: 96%, stepSize: 0.1, reg: 0.0001
Weights: 
-0.00135332 -0.000760687 -0.000315322 1.97182 -0.000223339 2.50881 7.90526 -0.000464915 -0.000684684 -0.0011566 0.127758 -0.000902658 4.30148 0.851792 4.19106 3.54752 8.07813 0.000350632 -0.000722525 2.70436 1.60103 0.969219 4.13956 -8.9446 -6.94505 -0.0974223 4.62785 2.94242 0.000240322 0.849464 -2.79844 5.62515 -0.000684828 2.52773 -9.63676 3.18329 -0.00040729 -0.000770731 -7.77836e-05 -0.000102191 0.000511511 -0.000570253 0.000206283 0.000583674 2.36681 -2.99273e-05 8.57718 -2.13439 5.98766 -0.000780825
-0.000997309 -0.001226 5.25539e-05 -2.16363 0.000505534 2.65852 -0.0495209 0.00035901 0.00130611 0.000356293 -0.415365 -3.64931e-05 0.79834 1.12769 -0.518536 4.40112 2.63045 0.000639384 -0.000522802 -0.212893 -3.79856 1.18744 0.292739 -2.16165 -2.51434 -0.223359 -0.832219 2.40106 0.00123421 -2.14341 -1.99129 3.61144 -6.18716e-05 2.12306 -1.45257 0.0242133 -0.000129108 0.000486099 1.61206e-05 0.00122171 0.000547308 0.000101299 0.00101985 0.000813953 0.293907 0.000453853 0.179661 -1.84369 1.36343 0.00135095
0.000691841 0.000484129 0.000895817 -0.899498 0.000240831 1.1369 0.0415625 0.000694021 0.00060267 0.00104128 -0.117963 0.00107633 0.369142 0.479025 -0.184693 1.87385 1.16646 0.000610118 -0.000401233 -0.0666895 -1.61636 0.504227 0.15483 -0.956762 -1.09499 -0.0691994 -0.313438 1.02954 0.000154402 -0.906329 -0.851834 1.56064 -0.00029669 0.910723 -0.66302 0.0344175 0.000836214 0.00110682 0.000271734 0.000359281 0.00131855 3.907e-05 -0.000161349 0.000559025 0.142424 0.000492748 0.142943 -0.78433 0.619334 -0.000937581
-0.000111921 0.000485298 -0.00125976 -5.23683 0.00116505 4.95846 -2.49709 0.00132908 0.000685753 -0.000615201 -1.59834 0.00110759 0.431348 2.18649 -2.3707 8.39643 3.2716 0.00135187 3.63139e-05 -1.27607 -8.27544 2.26984 -0.581265 -2.80965 -3.96486 -0.821178 -3.1863 4.30677 -0.00095165 -4.70719 -3.74468 6.10991 -0.000802124 3.79679 -1.19314 -0.885605 0.0011684 -0.00067633 0.000859537 -0.000164213 0.00122996 -0.00107338 0.000622122 0.000654247 -0.0946909 -0.000813209 -2.18145 -3.56751 1.15818 0.00035319
8.86904e-05 0.00117657 -0.00120864 2.53505 0.000936963 0.779802 6.31416 -0.000364485 0.000410112 -0.000172114 0.370215 -0.00118941 3.04952 0.14485 3.56438 0.800577 5.19134 0.00105174 0.00024831 2.25189 3.18448 0.222044 3.13351 -5.66254 -4.02031 0.0554365 4.05989 1.2211 0.00130698 1.78145 -1.1499 2.79459 -0.00127609 1.04003 -6.47121 2.50728 0.000410457 0.000976732 0.000692486 0.000878851 0.000950774 -0.000232697 0.000999024 -0.00130166 1.75666 0.00112769 6.73131 -0.717361 4.11739 0.000314923

-0.00135332 0.000721316 0.00010097 -9.73578e-05 0.000511511
-0.000997309 -6.0273e-05 -8.68374e-05 0.00124804 0.000547308
0.000691841 -0.00070976 -0.000575948 -0.00101221 0.00131855
-2.25107 3.36754 -2.98681 0.390422 1.47875
8.86904e-05 -0.000380924 -0.000937269 -0.000489233 0.000950774
-1.79724 -3.86904 2.38008 1.46135 1.82316
-7.27417 0.487257 -2.10877 2.99974 5.89459
0.000484129 0.00107633 -0.00126387 0.000409395 3.907e-05
0.000485298 0.00110759 9.32446e-05 0.000329224 -0.00107338
0.00117657 -0.00118941 -4.11383e-06 0.000820321 -0.000232697
-0.210854 1.28785 -1.04162 -0.0201676 -0.0136787
5.25539e-05 1.2242e-05 0.000672048 -6.37915e-05 0.00101924
-3.77978 -0.994612 -0.214116 1.78196 3.20717
-0.537632 -1.6752 1.05419 0.523083 0.634687
-3.93567 0.986219 -1.68346 1.48955 3.14353
-2.40068 -6.44547 4.08903 2.18002 2.57977
-6.84368 -3.6042 0.872745 3.54567 6.02899
-0.0013325 -0.00110775 -0.000777489 -0.000968934 0.000559025
-0.000314944 0.00121189 0.000581176 0.00121104 0.000653841
-2.53031 0.461981 -0.943842 0.990809 2.01649
-2.33714 5.90092 -5.14164 0.258796 1.31778
-0.647842 -1.74859 1.09485 0.589534 0.71274
-3.69101 -0.274521 -0.763665 1.60631 3.11997
6.60301 3.86047 0.376251 -3.33487 -7.5049
4.98412 4.23827 -0.668299 -2.75463 -5.8003
0.0369862 0.681047 -0.499592 -0.0741881 -0.144103
-4.40744 1.49133 -2.15038 1.60017 3.46738
-2.19664 -3.50018 1.95383 1.55622 2.18477
-0.000227497 0.000707701 -0.000863846 0.000766273 -0.000812675
-1.24717 3.34543 -2.91244 0.11594 0.700028
1.76587 3.23218 -1.36126 -1.27418 -2.35899
-4.4151 -5.19362 2.63358 2.80214 4.17402
-0.000642355 -0.00131034 -0.000946649 0.000835995 0.000118736
-1.91994 -3.0575 1.76599 1.36725 1.84417
7.21761 2.89919 1.42764 -3.39811 -8.14473
-2.88884 0.101304 -0.809961 1.20321 2.39442
0.00035901 0.000639384 -7.00942e-07 0.000486099 -0.000769963
0.000694021 0.000610118 -0.000954015 0.00110682 -0.000146097
0.00132908 0.00135187 0.000235986 -0.00067633 -0.000498753
-0.000364485 0.00105174 0.000935362 0.000976732 3.96784e-05
-0.000684684 -0.000722156 0.000243895 -7.77836e-05 0.00103261
0.00130611 -0.000524225 0.00123265 1.61206e-05 -0.000163144
0.00060262 -0.000403304 0.000151919 0.000271683 -8.76786e-05
0.000685753 3.59276e-05 -0.000952341 0.000859537 0.000830003
-2.13379 -0.304816 -0.272861 0.964475 1.74929
-0.0011566 0.000936461 -0.000246939 -0.000102191 -0.000780825
-7.81377 0.146665 -2.03521 3.28872 6.41531
1.25932 2.97244 -1.39669 -1.02113 -1.81238
-5.19098 -1.7831 -0.0193263 2.51724 4.47445
-0.000172114 -0.000229 -3.10874e-05 0.000878851 0.000314923

Bias: 
0 0 0 -0.390138 0 0.556081 -0.168672 0 0 0 -0.26459 0 0.0628487 0.192961 -0.224271 0.902992 0.312867 0 -0.000170733 -0.0962463 -0.581993 0.224601 -0.109922 1.74538 1.13565 -0.111975 -0.285044 0.408131 -0.000221901 -0.326013 0.328957 0.607286 -0.000263369 0.439629 2.18429 -0.108957 0 0 0 0 0 0 -8.63724e-05 0 0.0452082 0 -0.185636 0.22088 0.108581 0

-2.01304 0.779352 2.33788 1.23964 -2.34383

End File