Neural Network with [3] layers: 5 50 5
Loss: 0.186212, Accuracy: 100%, stepSize: 0.1, reg: 0.0001
Weights: 
-0.0842697 -0.184354 -0.000315322 0.0178773 -0.129114 -0.0526315 0.00111061 0.0544288 -0.000684684 -0.0011566 0.000721316 -0.000899253 0.00109527 0.0038671 -0.0608101 -0.103833 -0.0940797 -0.170941 -0.06784 0.000936461 0.0286642 -0.0192233 0.00123252 0.436649 0.194659 0.000567914 0.00868171 -0.0883374 0.000243895 -0.011772 -9.73578e-05 -0.082279 -0.000677634 0.0169351 0.219373 -0.0681229 0.026222 -0.000770731 5.21198e-05 -0.000102191 0.000511511 -0.000570253 0.00021102 0.000583674 0.00104486 -2.99273e-05 0.000990327 0.00132455 0.00103261 -0.0894646
0.619194 1.41204 5.25539e-05 -0.0769439 0.988322 0.435305 0.000709686 -0.229857 0.00130611 0.000356293 -6.0273e-05 -3.31757e-05 1.2242e-05 0.0574035 0.524009 0.836283 0.770544 1.36736 0.505379 -0.000237969 -0.137337 0.124919 0.000672048 -1.53304 -0.732387 0.00118525 0.0338394 0.698108 0.00123265 0.0642529 0.00124804 0.687752 -5.90675e-05 -0.00865127 -0.805336 0.543285 -0.0985825 0.000486099 -2.34459e-05 0.00122171 0.000547308 0.000101299 0.00102213 0.000813953 6.76329e-05 0.000453853 0.00105566 -0.000769963 -0.000163144 0.663699
-0.281355 -0.648718 0.000895817 0.0295507 -0.451907 -0.203098 -0.000642963 0.0842494 0.00060267 0.00104128 -0.00070976 0.00108109 4.40971e-05 -0.0357899 -0.243214 -0.388561 -0.357644 -0.629354 -0.231903 0.00092436 0.0564918 -0.0576665 0.000147741 0.52054 0.256671 -0.000703978 -0.0219122 -0.321989 0.00015197 -0.0258311 -0.00101221 -0.319396 -0.000292667 -0.0101008 0.27853 -0.250992 0.0329129 0.00110682 0.000315121 0.000359281 0.00131855 3.907e-05 -0.000157829 0.000559025 -9.92736e-05 0.000492748 0.000118954 -0.000146097 -8.7881e-05 -0.304534
0.405881 0.948737 -0.00125976 -0.0628516 0.667646 0.297488 -0.00122487 -0.202604 0.000685753 -0.000615201 -0.000609255 0.00110486 -0.00048982 0.0508178 0.34925 0.564764 0.52902 0.924354 0.332421 -0.000624384 -0.11724 0.0846761 0.0010576 -1.31907 -0.630216 -0.000863712 0.0200155 0.476045 -0.000952341 0.0364553 -0.000812661 0.476782 -0.000806863 -0.0103585 -0.713868 0.366856 -0.0853536 -0.00067633 0.000716762 -0.000164213 0.00122996 -0.00107338 0.000619217 0.000654247 -0.00117688 -0.000813209 -0.000976583 -0.000498753 0.000830003 0.442362
6.33007 14.508 -0.00120864 -0.829565 10.1634 4.50073 0.000638998 -2.57812 0.000410112 -0.000172114 -0.000380924 -0.0011894 0.00131718 0.645266 5.39012 8.5876 7.97891 14.0714 5.16253 -0.000229 -1.49347 1.26783 0.000337927 -16.8892 -8.06966 -0.000493862 0.352402 7.20765 0.00130815 0.651857 -0.000489233 7.142 -0.00127703 -0.118862 -8.97649 5.60126 -1.10598 0.000976732 -6.48199e-05 0.000878851 0.000950774 -0.000232697 0.00099542 -0.00130166 0.000577666 0.00112769 -0.000134394 3.96784e-05 -0.000364974 6.78073

-4.31208 -2.001 0.486169 2.23342 3.59338
-9.87066 -4.6056 1.1204 5.11487 8.24165
0.000691841 -0.00070976 -0.000575948 -0.00101221 0.00131855
0.537789 0.279794 -0.0350608 -0.281769 -0.501927
-6.90481 -3.23312 0.774571 3.57631 5.78628
-3.06315 -1.43193 0.354012 1.5857 2.55367
-0.001226 -3.64931e-05 0.000818515 -0.00101037 0.000101299
1.62152 0.899962 -0.0570118 -0.836452 -1.62728
0.000485298 0.00110759 9.32446e-05 0.000329224 -0.00107338
0.00117657 -0.00118941 -4.11383e-06 0.000820321 -0.000232697
-0.000315322 0.00109527 0.00123252 -0.000682511 0.000207647
5.36102e-05 1.20263e-05 0.000671769 -6.4072e-05 0.00101896
0.000895817 4.40971e-05 0.000147741 -0.000299591 -0.000162296
-0.442561 -0.21154 0.0691685 0.226381 0.357678
-3.67105 -1.7084 0.423526 1.89533 3.06076
-5.84676 -2.72658 0.674548 3.02995 4.87151
-5.41606 -2.54538 0.612547 2.80173 4.54668
-9.5684 -4.47444 1.08671 4.95188 8.00062
-3.51934 -1.63089 0.402617 1.82521 2.92574
-0.00117242 -0.00115372 -0.00100031 -0.000242754 -0.00130166
0.967582 0.507758 -0.0676984 -0.506449 -0.902474
-0.862076 -0.40322 0.0964779 0.45036 0.719151
0.000240831 -0.000603368 -0.00134522 -0.00110385 -9.92736e-05
10.5976 5.88359 -0.278726 -5.51384 -10.6886
5.08581 2.80273 -0.168648 -2.64314 -5.0776
7.28875e-05 -9.62337e-05 0.000567914 -0.000364484 -2.99273e-05
-0.252312 -0.105916 0.0489672 0.123162 0.187158
-4.89342 -2.29749 0.549736 2.53225 4.10692
-0.000227363 0.000707835 -0.000863712 0.000766405 -0.000813209
-0.440823 -0.203021 0.0412622 0.226843 0.377528
0.00111061 0.000887296 0.00104746 -0.00040729 0.000990327
-4.84561 -2.2815 0.55007 2.50708 4.07099
-0.000641806 -0.0013103 -0.000946709 0.000835729 0.000118469
0.0379178 0.0568044 0.0491884 -0.0193336 -0.124609
5.62194 3.14335 -0.154362 -2.92005 -5.68928
-3.8068 -1.78108 0.430676 1.96918 3.18815
0.686188 0.389091 -0.0101971 -0.352014 -0.712354
0.000694021 0.000610118 -0.000954015 0.00110682 -0.000146097
0.00121405 0.00128156 0.000225237 -0.000613028 -0.000365968
-0.000364485 0.00105174 0.000935362 0.000976732 3.96784e-05
-0.000684684 -0.000722156 0.000243895 -7.77836e-05 0.00103261
0.00130611 -0.000524225 0.00123265 1.61206e-05 -0.000163144
0.000599783 -0.000406142 0.000149082 0.000270605 -7.809e-05
0.000685753 3.59276e-05 -0.000952341 0.000859537 0.000830003
0.000410112 0.000246615 0.00130815 0.000692486 -0.000364974
-0.0011566 0.000936461 -0.000246939 -0.000102191 -0.000780825
0.000356293 -0.000237969 -0.000969479 0.00122171 0.00135095
0.00104128 0.00092436 0.00017566 0.000359281 -0.000937581
-0.000615201 -0.000624384 -0.000670914 -0.000164213 0.00035319
-4.61719 -2.14924 0.524543 2.39566 3.84699

Bias: 
0.383014 0.848143 0 0.0849563 0.540124 0.274842 0 0.548414 0 0 0 -0.000289585 0 0.0750907 0.326483 0.532377 0.408023 0.79321 0.334021 0 0.150144 0.0753771 0 3.74054 1.65813 0 0.0834653 0.367792 0 0.0124387 0 0.361672 -0.000428163 0.235956 2.02277 0.303459 0.294987 0 -0.000149693 0 0 0 -0.000270488 0 0 0 0 0 0 0.415108

-1.6844 0.975984 1.76758 1.01284 -2.07201

End File