Neural Network with [3] layers: 5 50 5
Loss: 0.196679, Accuracy: 100%, stepSize: 0.1, reg: 0.0001
Weights: 
-0.503989 -1.31106 -0.000315322 0.181086 -0.836126 -0.480386 -0.25107 -0.000464915 -0.000684684 -0.0011566 0.82304 -0.000902658 0.0010958 -0.14947 -0.318319 -0.795507 -0.737627 0.000350632 -0.436459 0.000936461 0.377703 -0.155608 0.00123252 2.69904 1.19972 0.000567914 0.175851 -0.706577 0.000243895 0.00785614 0.801214 -0.731423 -0.000681892 0.0306048 1.47375 -0.465177 -0.00040729 -0.000770731 -7.69678e-05 -0.000102191 0.000511511 -0.000570253 0.000207701 0.000583674 0.00104486 -2.99273e-05 0.000990327 1.53397 0.00103284 -0.626941
-0.0185289 -0.0577181 5.25539e-05 -0.0145854 -0.0300369 -0.025974 -0.00847241 0.00035901 0.00130611 0.000356293 -0.0671405 -3.64931e-05 1.41062e-05 -0.0171307 -0.011599 -0.0386862 -0.0319744 0.000639384 -0.0196544 -0.000237969 -0.0201595 -0.00776018 0.000672048 -0.248027 -0.109422 0.00118525 -0.0104076 -0.029104 0.00123265 0.00449058 -0.0650207 -0.0329886 -5.91191e-05 -0.0163634 -0.128687 -0.0184425 -0.000129108 0.000486099 1.88842e-05 0.00122171 0.000547308 0.000101299 0.00101942 0.000813953 6.76329e-05 0.000453853 0.00105566 -0.13603 -0.000160567 -0.0272636
-0.497954 -1.2514 0.000895817 0.0730042 -0.741768 -0.476752 -0.344083 0.000694021 0.00060267 0.00104128 0.230913 0.00107633 4.66618e-05 -0.147291 -0.341764 -0.758257 -0.686324 0.000610118 -0.442042 0.00092436 0.14746 -0.129252 0.000147741 0.88594 0.44106 -0.000703978 0.00920102 -0.624301 0.00015197 0.00188201 0.269684 -0.6583 -0.000293391 -0.0635371 0.496064 -0.429984 0.000836214 0.00110682 0.000275518 0.000359281 0.00131855 3.907e-05 -0.000162057 0.000559025 -9.92736e-05 0.000492748 0.000118954 0.482004 -8.44665e-05 -0.574884
-0.511171 -1.12695 -0.00125976 0.047786 -0.598028 -0.43025 -0.468869 0.00132908 0.000685753 -0.000615201 -0.0560681 0.00110759 -0.000490385 -0.0439295 -0.358325 -0.627456 -0.571789 0.00135187 -0.442824 -0.000624384 0.000693126 -0.0761716 0.0010576 0.263484 0.216159 -0.000863712 -0.10828 -0.472568 -0.000952341 -0.0524556 0.0554495 -0.504709 -0.000804036 -0.0845858 0.114258 -0.361259 0.0011684 -0.00067633 0.000858724 -0.000164213 0.00122996 -0.00107338 0.000621795 0.000654247 -0.00117688 -0.000813209 -0.000976583 0.057637 0.00082955 -0.468996
6.25606 15.4247 -0.00120864 -1.32955 9.20425 5.79961 4.33144 -0.000364485 0.000410112 -0.000172114 -4.62255 -0.00118941 0.00131606 1.55091 4.26119 9.18748 8.42475 0.00105174 5.46127 -0.000229 -2.42306 1.52645 0.000337927 -17.3691 -8.31589 -0.000493862 -0.420995 7.65372 0.00130815 0.109797 -5.10431 8.05212 -0.00127532 0.453919 -9.51203 5.3075 0.000410457 0.000976732 0.000691176 0.000878851 0.000950774 -0.000232697 0.000999361 -0.00130166 0.000577666 0.00112769 -0.000134394 -9.46678 -0.00036401 7.01859

-4.4741 -1.40811 0.156261 1.98425 3.74158
-10.9675 -3.60217 0.423238 4.91105 9.23608
0.000691841 -0.00070976 -0.000575948 -0.00101221 0.00131855
0.872144 0.355231 0.0404619 -0.391708 -0.877302
-6.49001 -2.22052 0.237722 2.92391 5.54813
-4.13613 -1.34807 0.173208 1.85037 3.45893
-3.17804 -0.85393 0.121465 1.35667 2.55248
0.000484129 0.00107633 -0.00126387 0.000409395 3.907e-05
0.000485298 0.00110759 9.32446e-05 0.000329224 -0.00107338
0.00117657 -0.00118941 -4.11383e-06 0.000820321 -0.000232697
2.85036 1.45638 0.220292 -1.34546 -3.18003
5.25539e-05 1.2242e-05 0.000672048 -6.37915e-05 0.00101924
0.000895665 4.39448e-05 0.000147589 -0.000299721 -0.000161709
-1.08197 -0.426466 0.0840313 0.503001 0.920528
-3.06026 -0.941762 0.117968 1.34064 2.54359
-6.51689 -2.18642 0.275013 2.93184 5.49913
-5.96468 -2.00692 0.234037 2.67776 5.05933
-0.0013325 -0.00110775 -0.000777489 -0.000968934 0.000559025
-3.90994 -1.23258 0.150097 1.73889 3.25688
-0.00117242 -0.00115372 -0.00100031 -0.000242754 -0.00130166
1.54596 0.732682 0.0540179 -0.724598 -1.60934
-1.06496 -0.393652 0.045792 0.493942 0.919568
0.000240831 -0.000603368 -0.00134522 -0.00110385 -9.92736e-05
11.059 4.98914 0.733367 -5.036 -11.7456
5.37883 2.29661 0.300873 -2.41866 -5.55849
7.28875e-05 -9.62337e-05 0.000567914 -0.000364484 -2.99273e-05
0.172986 0.240763 0.0598114 -0.12601 -0.346491
-5.38741 -1.87145 0.208551 2.43655 4.61176
-0.000227363 0.000707835 -0.000863712 0.000766405 -0.000813209
-0.0948381 0.0168552 -0.0162861 0.0287997 0.0672581
3.24691 1.49043 0.197705 -1.49096 -3.44046
-5.67636 -1.9592 0.227964 2.56363 4.845
-0.000641533 -0.00130984 -0.000946907 0.000835476 0.000118187
-0.38904 -0.0543856 0.0744438 0.162054 0.206896
6.05323 2.75628 0.373929 -2.75773 -6.42411
-3.75573 -1.26244 0.142933 1.68364 3.19174
0.00035901 0.000639384 -7.00942e-07 0.000486099 -0.000769963
0.000694021 0.000610118 -0.000954015 0.00110682 -0.000146097
0.00132895 0.00135174 0.000235852 -0.000676293 -0.000498389
-0.000364485 0.00105174 0.000935362 0.000976732 3.96784e-05
-0.000684684 -0.000722156 0.000243895 -7.77836e-05 0.00103261
0.00130611 -0.000524225 0.00123265 1.61206e-05 -0.000163144
0.000602668 -0.000403256 0.000151967 0.000271731 -8.78712e-05
0.000685753 3.59276e-05 -0.000952341 0.000859537 0.000830003
0.000410112 0.000246615 0.00130815 0.000692486 -0.000364974
-0.0011566 0.000936461 -0.000246939 -0.000102191 -0.000780825
0.000356293 -0.000237969 -0.000969479 0.00122171 0.00135095
5.96814 2.80399 0.410176 -2.74444 -6.4363
-0.000614549 -0.000624125 -0.00067081 -0.000164666 0.000352627
-4.96487 -1.68387 0.196578 2.24149 4.21144

Bias: 
0.65328 1.60608 0 0.157744 0.840641 0.651963 0.561234 0 0 0 0.984255 0 -0.000188548 0.208456 0.459167 0.978609 0.830593 0 0.608356 0 0.304667 0.148023 0 3.05888 1.24199 0 0.275903 0.709677 0 0.00421121 0.853004 0.772633 -0.000479732 0.277439 1.63839 0.506693 0 0 -0.000276622 0 0 0 -1.72832e-05 0 0 0 0 1.77528 -0.000264903 0.710911

-1.74445 0.480072 2.11595 1.32047 -2.17204

End File