Neural Network with [3] layers: 5 50 5
Loss: 0.215532, Accuracy: 100%, stepSize: 0.1, reg: 0.0001
Weights: 
-0.00135332 -0.433585 -0.000315322 0.442322 -0.000223339 0.32272 0.421593 -0.000464915 -0.000684684 -0.0011566 -1.05685 -0.000902658 1.67675 -0.410148 -1.50678 0.882204 2.27065 1.56072 -1.53072 0.787165 -0.417685 0.517343 2.10579 -1.98121 -1.98749 0.177311 -0.528047 1.31614 0.000243895 -0.000249454 -9.73578e-05 2.04057 -0.000682511 0.125959 -0.000998254 -0.582205 -0.00040729 -0.000770731 -8.21883e-05 -0.000102191 0.000511511 -0.000570253 0.00020493 1.08613 0.871171 -2.99273e-05 0.395496 -0.241629 0.677058 -0.000780825
-0.000997309 1.09806 5.25539e-05 -0.113057 0.000505534 0.558098 0.693448 0.00035901 0.00130611 0.000356293 -0.46542 -3.64931e-05 0.559313 -0.00403862 0.0493751 0.954395 1.0898 1.34761 0.14034 0.0811654 -0.378569 0.233976 0.32212 -2.05172 -1.39446 -0.252427 0.042599 0.75679 0.00123265 -0.000968013 0.00124804 0.957319 -6.37915e-05 0.232721 0.00104383 0.209195 -0.000129108 0.000486099 1.88756e-05 0.00122171 0.000547308 0.000101299 0.00102086 -0.283746 0.318102 0.000453853 0.173429 -0.80344 0.305083 0.00135095
0.000691841 -2.83063 0.000895817 0.589998 0.000240831 -1.05749 -1.28957 0.000694021 0.00060267 0.00104128 0.349014 0.00107633 -0.0987762 -0.276291 -1.16864 -1.56633 -0.905847 -1.99396 -1.39647 0.376192 0.595664 -0.138172 0.766674 3.44085 1.87681 0.733026 -0.463796 -0.809143 0.00015197 0.000177747 -0.00101221 -0.760683 -0.000299591 -0.448137 -0.00110385 -0.891025 0.000836214 0.00110682 0.000275515 0.000359281 0.00131855 3.907e-05 -0.000159874 1.45612 -0.113887 0.000492748 -0.0958339 1.72875 -0.179678 -0.000937581
-0.000111921 -0.296599 -0.00125976 -0.0242271 0.00116505 -0.126111 -0.149749 0.00132908 0.000685753 -0.000615201 -0.0379425 0.00110759 -0.0816307 -0.0254057 -0.0995739 -0.188085 -0.169683 -0.244597 -0.135346 -0.0359885 -0.0179361 -0.0130188 -0.0836349 -0.18709 -0.0995187 -0.0346433 -0.0436118 -0.122381 -0.000952341 -0.000671489 -0.000812661 -0.150069 -0.000803206 -0.0569015 -0.00091432 -0.0760131 0.0011684 -0.00067633 0.000858418 -0.000164213 0.00122996 -0.00107338 0.000621164 -0.0639727 -0.0509263 -0.000813209 -0.00884805 -0.088563 -0.0167753 0.00035319
8.86904e-05 16.1003 -0.00120864 -3.02652 0.000936963 6.24282 7.57264 -0.000364485 0.000410112 -0.000172114 -2.24898 -0.00118941 1.38807 1.39813 6.05543 9.37458 6.25704 12.1376 7.40053 -1.6545 -3.39524 1.11875 -3.18028 -19.1651 -10.8242 -3.88727 2.42302 5.23127 0.00130815 -3.17801e-05 -0.000489233 5.33137 -0.00127654 2.64956 -0.00116099 4.83496 0.000410457 0.000976732 0.000691448 0.000878851 0.000950774 -0.000232697 0.000998413 -7.39081 1.07988 0.00112769 0.821106 -9.34332 1.46624 0.000314923

-0.00135332 0.000721316 0.00010097 -9.73578e-05 0.000511511
-10.1636 -4.55192 -0.930391 4.53163 11.1149
0.000691841 -0.00070976 -0.000575948 -0.00101221 0.00131855
1.97074 0.542106 0.38028 -0.665189 -2.22911
8.86904e-05 -0.000380924 -0.000937269 -0.000489233 0.000950774
-3.71221 -2.19156 -0.266637 1.88405 4.28466
-4.48086 -2.68747 -0.321882 2.27921 5.20965
0.000484129 0.00107633 -0.00126387 0.000409395 3.907e-05
0.000485298 0.00110759 9.32446e-05 0.000329224 -0.00107338
0.00117657 -0.00118941 -4.11383e-06 0.000820321 -0.000232697
0.745078 1.6081 0.105661 -0.786271 -1.67103
5.25539e-05 1.2242e-05 0.000672048 -6.37915e-05 0.00101924
-0.104452 -1.88192 0.287561 0.857811 0.841631
-1.06954 -0.0727849 -0.134813 0.305009 0.971255
-4.47624 -0.545386 -0.574791 1.37755 4.21904
-5.37448 -3.63828 -0.334271 2.91487 6.43481
-2.81559 -3.88907 0.11624 2.39241 4.19554
-6.75352 -5.0748 -0.36868 3.8735 8.31987
-5.33377 -0.934337 -0.633592 1.77641 5.12863
1.31533 -0.176589 0.32905 -0.205181 -1.26748
1.76953 1.40342 0.266293 -0.966526 -2.474
-0.037458 -1.03141 0.0596128 0.418422 0.59153
2.79968 -0.855237 0.76052 -0.239491 -2.46838
10.043 7.60117 1.72256 -5.23715 -14.1296
5.24794 5.04716 0.828857 -3.16739 -7.95741
2.33288 1.03647 0.433095 -0.939554 -2.86274
-1.75871 -0.284125 -0.209925 0.570368 1.68345
-2.61504 -2.74707 -0.0275439 1.8374 3.55026
-0.000227363 0.000707835 -0.000863712 0.000766405 -0.000813209
0.000544058 0.000732386 -0.000493791 -0.00012112 0.00112725
0.00111061 0.000887296 0.00104746 -0.00040729 0.000990327
-2.3537 -3.4054 0.125339 2.07033 3.56447
-0.000642963 -0.00131039 -0.000946431 0.000836214 0.000118954
-1.58766 -0.920115 -0.10682 0.803539 1.81102
0.000638998 0.000996727 -0.000309063 0.000410457 -0.000134394
-3.25924 -0.975092 -0.370065 1.2379 3.36663
0.00035901 0.000639384 -7.00942e-07 0.000486099 -0.000769963
0.000694021 0.000610118 -0.000954015 0.00110682 -0.000146097
0.00132902 0.00135181 0.000235927 -0.000676308 -0.000498597
-0.000364485 0.00105174 0.000935362 0.000976732 3.96784e-05
-0.000684684 -0.000722156 0.000243895 -7.77836e-05 0.00103261
0.00130611 -0.000524225 0.00123265 1.61206e-05 -0.000163144
0.000601779 -0.000404145 0.000151078 0.000271602 -8.50754e-05
4.80746 1.32319 0.93474 -1.6037 -5.46023
-0.276397 -1.08737 0.132071 0.549484 0.684501
-0.0011566 0.000936461 -0.000246939 -0.000102191 -0.000780825
-0.0166089 -0.767534 0.0473458 0.314961 0.423557
5.26302 3.07704 0.943676 -2.38984 -6.89233
-0.0498454 -1.3511 0.0760819 0.548305 0.77484
-0.000172114 -0.000229 -3.10874e-05 0.000878851 0.000314923

Bias: 
0 1.28681 0 0.309127 0 0.477575 0.532543 0 0 0 0.669511 0 0.190896 0.194124 0.678725 0.630229 0.421313 0.743132 0.863041 0.230151 0.462095 -0.0498645 0.457109 3.24484 1.96626 0.496977 0.281009 0.316587 0 -0.000141115 0 0.377372 0 0.241622 0 0.38459 0 0 -0.000261482 0 0 0 -0.000160936 0.806611 0.127237 0 -0.0376515 1.40096 -0.0652268 0

-1.57044 0.733096 2.03619 1.01758 -2.21642

End File