Neural Network with [3] layers: 5 50 5
Loss: 0.197566, Accuracy: 100%, stepSize: 0.1, reg: 0.0001
Weights: 
1.27477 4.65421 -0.000315322 9.16611e-05 0.807925 1.83109 0.00111061 -0.71186 -0.000682447 -8.19334 0.000721316 -0.000886715 0.00109527 1.51857 7.01459 4.30484 5.11245 0.000350632 3.46854 0.000936461 1.14553 1.43749 0.00123252 0.000925791 -2.9908 0.000567914 0.00104746 -1.62516 0.000243895 0.0684443 3.081 -0.773106 -1.46455 0.0010872 5.74031 2.4191 -1.1318 -1.25472 -6.89751e-05 -0.000102191 0.000511511 -2.12175 0.000207647 0.000583674 0.00104486 -2.92281e-05 0.000990327 0.00132455 0.00103261 1.03183
0.0234427 -0.350016 5.25539e-05 0.000468103 -2.06318 0.00744689 0.000709686 0.294656 0.00130708 -4.14232 -6.0273e-05 -3.0077e-05 1.2242e-05 0.970743 3.08315 0.68916 0.0242438 0.000639384 1.24743 -0.000237969 1.10949 0.227829 0.000672048 -0.0009209 -0.396885 0.00118525 0.000411574 -3.15659 0.00123265 -0.469302 2.63588 -2.71363 -0.698673 -0.000198948 5.39729 -0.0072505 -0.0300019 -1.3275 2.0618e-05 0.00122171 0.000547308 -0.00700188 0.00101924 0.000813953 6.76329e-05 0.000454131 0.00105566 -0.000769963 -0.000163144 -0.609909
-0.950559 -3.57021 0.000895817 -0.00132613 -1.07393 -1.36936 -0.000642963 0.626191 0.000604027 5.24437 -0.00070976 0.00108458 4.40971e-05 -0.917624 -4.57761 -3.07814 -3.83323 0.000610118 -2.32388 0.00092436 -0.789345 -1.02983 0.000147741 -0.000777489 2.20343 -0.000703978 -0.000946431 0.505595 0.00015197 -0.157561 -1.69142 -0.0303118 0.950308 -0.000968934 -3.0144 -1.81971 0.869869 0.6429 0.000277991 0.000359281 0.00131855 1.64199 -0.000162296 0.000559025 -9.92736e-05 0.000493128 0.000118954 -0.000146097 -8.7881e-05 -0.914664
-0.148211 -0.539793 -0.00125976 -0.000316347 -0.101064 -0.215136 -0.00122487 0.034382 0.000685512 0.860462 -0.000609255 0.00110579 -0.00048982 -0.179451 -0.795158 -0.490639 -0.586584 0.00135187 -0.395534 -0.000624384 -0.156636 -0.162706 0.0010576 0.000581151 0.238838 -0.000863712 0.000490846 0.169324 -0.000952341 -0.0103819 -0.39949 0.0716683 0.145611 0.0012112 -0.791614 -0.276242 0.0781982 0.136146 0.000858564 -0.000164213 0.00122996 0.137726 0.000621853 0.000654247 -0.00117688 -0.000813225 -0.000976583 -0.000498753 0.000830003 -0.120788
2.39026 10.5985 -0.00120864 -0.00117291 10.4859 3.49452 0.000638998 -3.42629 0.000409082 0.811371 -0.000380924 -0.00119041 0.00131718 -1.34797 0.453952 5.50693 9.9424 0.00105174 1.40294 -0.000229 -1.51681 1.8554 0.000337927 -0.00100031 -5.70796 -0.000493862 -0.000309063 10.3626 0.00130815 2.15969 -6.12301 10.0936 -0.159201 -0.000242754 -14.2819 4.81009 -2.89177 3.23196 0.000685541 0.000878851 0.000950774 -5.70145 0.000999478 -0.00130166 0.000577666 0.00112741 -0.000134394 3.96784e-05 -0.000364974 4.66706

-2.11206 -0.30452 -0.212354 0.987578 1.64124
-8.48336 -2.23241 -0.722458 4.25214 7.18674
0.000691841 -0.00070976 -0.000575948 -0.00101221 0.00131855
-0.000111146 -0.000607858 -0.000870327 -0.000813385 0.00122817
-5.03938 -5.56043 0.118276 3.70477 6.776
-3.06448 -0.48136 -0.29065 1.45027 2.38453
-0.001226 -3.64931e-05 0.000818515 -0.00101037 0.000101299
1.94463 1.31325 0.289373 -1.09449 -2.45202
0.000485313 0.00110758 9.3233e-05 0.000329213 -0.00107336
6.77305 -7.86787 2.13316 -0.568372 -0.469396
-0.000315322 0.00109527 0.00123252 -0.000682511 0.000207647
5.86717e-05 1.20699e-05 0.000671662 -6.63203e-05 0.00101621
0.000895817 4.40971e-05 0.000147741 -0.000299591 -0.000162296
-0.804626 2.12943 -0.330513 -0.231338 -0.763822
-6.39938 5.9248 -1.51442 1.10145 0.88771
-6.06862 0.516277 -0.806215 2.44604 3.91518
-8.6113 -1.42634 -0.859412 4.07445 6.82212
-0.0013325 -0.00110775 -0.000777489 -0.000968934 0.000559025
-3.64751 2.22401 -0.71652 0.947449 1.19591
-0.00117242 -0.00115372 -0.00100031 -0.000242754 -0.00130166
-0.525828 1.94086 -1.17288 -0.239651 -0.00378662
-2.03285 0.163576 -0.271308 0.822471 1.31881
0.000240831 -0.000603368 -0.00134522 -0.00110385 -9.92736e-05
0.00116505 0.00112007 -0.000231981 -0.00091432 -0.00117688
4.79408 0.552329 0.96911 -1.99652 -4.31985
7.28875e-05 -9.62337e-05 0.000567914 -0.000364484 -2.99273e-05
-0.00110442 0.00119359 0.00118525 -0.000668394 0.000453853
-2.84957 -7.64667 0.67293 3.35866 6.46265
-0.000227363 0.000707835 -0.000863712 0.000766405 -0.000813209
-0.950614 -1.23119 0.0456592 0.749893 1.38804
-0.299147 6.27562 -0.609772 -1.51604 -3.84703
-3.4916 -6.73611 0.483613 3.38278 6.36236
1.32035 -1.24182 0.407999 -0.178621 -0.309857
-0.00122487 0.000510088 0.000490846 0.0011684 -0.000976583
0.531131 13.3016 -0.990759 -3.63697 -9.20337
-4.11607 -0.73446 -0.409534 1.959 3.3012
2.09042 0.616475 0.409024 -0.958274 -2.15693
-0.229705 -3.04805 0.380269 0.954471 1.94433
0.00132843 0.00135085 0.000235396 -0.00067606 -0.00049676
-0.000364485 0.00105174 0.000935362 0.000976732 3.96784e-05
-0.000684684 -0.000722156 0.000243895 -7.77836e-05 0.00103261
4.02334 1.31465 0.78279 -1.87848 -4.24044
0.00060267 -0.000403254 0.00015197 0.000271734 -8.7881e-05
0.000685753 3.59276e-05 -0.000952341 0.000859537 0.000830003
0.000410112 0.000246615 0.00130815 0.000692486 -0.000364974
-0.00115661 0.000936457 -0.000246943 -0.000102195 -0.000780809
0.000356293 -0.000237969 -0.000969479 0.00122171 0.00135095
0.00104128 0.00092436 0.00017566 0.000359281 -0.000937581
-0.000615201 -0.000624384 -0.000670914 -0.000164213 0.00035319
-2.83577 -1.87839 -0.0988159 1.73521 3.07853

Bias: 
0.2092 0.803935 0 -0.000495353 0.290416 0.347763 0 0.690864 -9.87155e-05 0.0397816 0 -0.000649984 0 0.348711 1.18659 0.62008 0.794218 0 0.564457 0 0.24023 0.205036 0 0 1.22746 0 0 0.0433755 0 0.0426333 1.18431 0.166529 0.130912 0 2.98741 0.356453 0.682373 -0.0613584 -0.000423545 0 0 1.35206 0 0 0 -3.01942e-05 0 0 0 0.206495

-1.75446 0.49985 1.60056 1.52736 -1.87331

End File