Neural Network with [3] layers: 5 100 5
Loss: 0.0488084, Accuracy: 99.2%, stepSize: 0.01, reg: 1e-06
Weights: 
2.0505 3.03316 -0.000541822 0.000121635 -1.1702 1.65447 1.06284 -1.06305 -9.26729 0.88899 1.6042 0.907997 14.4949 -5.03939e-06 -0.26716 -0.000503435 0.0012818 0.000502383 1.14675 0.555394 -0.154183 -0.987363 -0.462722 -0.221869 -0.503593 0.918042 0.157842 0.871015 1.96815 -0.554004 -0.319948 0.000509544 0.639595 0.607672 0.675269 -0.340503 24.5736 -0.00112107 -0.000105823 -0.000152147 0.000753507 1.59376 0.295656 -2.16103 17.0788 3.83573 -2.24602 0.416073 -1.88297 0.301055 3.60287 -0.000316919 0.233718 0.0794948 0.0772987 -0.000865026 -18.3472 -0.147067 1.49301 1.86056 0.000772135 -1.34842 0.254574 2.17993 -2.10869 2.77207 0.957904 1.91 0.000668397 0.111268 0.198358 0.612989 0.135092 2.83699 3.18079 0.691135 -1.05236 2.31755 1.2677 0.191545 -9.82769 -0.000862272 2.36743 1.49721 1.10464 18.5834 -0.683772 1.5365 0.000306964 -19.2153 0.0962956 0.37784 -0.754704 1.33754 3.59477 -0.000263249 1.986 0.00104865 -1.80007e-07 1.0999
-2.48023 -4.9089 0.000164918 0.000706227 0.736005 -2.25491 -2.22616 1.17518 4.17491 0.0639599 -0.535309 1.92942 -6.09205 -0.000898011 0.292176 0.0018994 -0.0014669 0.000961924 -1.587 -0.738689 1.40011 1.06689 -9.08318 2.24279 2.88967 0.423487 0.20733 -2.23344 -3.77675 0.729255 2.05522 -0.00148761 1.13673 -1.49221 0.912142 1.38669 2.86402 0.000735081 3.51699e-05 0.00181894 0.000816751 -0.725379 -0.986943 2.47506 -12.1914 -3.99766 2.13027 -0.117107 2.01042 -0.510986 -1.10115 0.000741144 -1.54721 -0.763503 -0.42614 0.00111737 -6.93696 2.96609 0.877827 -2.3799 0.00102419 2.22599 0.814544 -4.095 2.45879 -1.33081 -0.892108 -2.90418 0.000721811 -0.0928857 -1.09631 -0.545617 1.01222 -4.46696 14.1055 -1.45558 3.27153 -3.8076 -0.352049 -0.0314729 -18.8088 0.00128586 -1.42589 0.761471 -0.200118 11.6776 0.329213 -0.0339688 0.000962964 2.37449 0.737467 -0.745423 0.00885871 0.273972 -6.01431 -0.00166847 -1.01567 0.0017637 0.00100445 -1.23481
-0.788588 -3.80439 0.00131968 -0.00196279 -1.47773 -1.16452 -3.21769 -0.221542 10.6544 0.904725 1.08549 3.63299 3.24489 -0.0016011 -0.168051 -0.00218281 -0.00186379 0.000922943 -1.04214 -0.346786 1.53412 -0.309781 0.590173 2.64842 2.93577 1.36303 0.229463 -2.82786 -3.99233 -0.021993 1.9229 0.000634757 2.14557 -1.87795 1.85144 1.23454 -5.57078 0.00166104 0.000420022 0.000534915 0.00196542 0.595548 -1.43324 -0.544588 -2.55324 6.2012 -1.35934 0.394152 -0.688374 -0.453546 0.215133 0.000734583 -3.10832 -1.63444 -0.845795 0.001146 0.877121 3.61355 2.86892 -1.10761 0.00069054 0.551655 1.43048 -3.89589 -0.458871 0.311566 0.164641 -1.94494 7.42919e-05 -0.0576544 -2.06251 -0.226877 0.17613 -0.0445003 2.12887 -1.54963 2.54709 -3.38279 0.228531 0.209808 -10.1405 -0.000499308 1.22835 3.1631 1.10558 -2.46634 -1.0658 1.40918 0.000722681 -1.91002 0.161891 -0.97079 -2.1688 1.38059 7.07287 0.000773959 0.295888 -0.000982509 0.000692744 -0.503856
-1.59156 -6.06334 -0.00189161 -0.000474378 0.197801 -2.2332 -5.29837 1.52775 -8.5331 -0.0397208 -0.236542 1.53354 -15.4053 0.0017707 0.171508 0.00184736 0.000749366 0.00200489 -1.93176 -0.617663 1.15328 1.1961 8.12295 2.37446 2.50721 0.0128283 -0.317345 -3.41159 -6.1153 0.487466 0.476093 0.000483225 0.661685 -2.44465 0.570171 1.45196 8.76026 -0.00100403 0.00127209 -0.000244489 0.00183216 -0.447705 -1.60487 2.46042 9.2422 -8.60259 0.810894 0.799237 1.81897 -0.674776 0.830948 -0.00118492 -4.15134 -2.14366 -0.960461 -0.000311369 0.344155 2.29414 0.991251 -2.37293 0.000537135 1.4804 0.790418 -5.4386 2.18216 -0.137351 -0.318525 -2.53449 0.000917071 -0.395195 -1.96354 -0.598326 0.597829 -4.14324 -5.54298 -1.96414 3.39139 -5.57202 -0.203612 0.394573 -2.47801 0.000744334 -0.11417 1.2271 0.234436 -3.96521 0.543676 -0.124501 0.00014615 9.89461 0.395653 -1.52877 -1.59751 -0.397214 -8.83137 -0.000505059 -1.10937 -0.000565783 0.000732086 -1.08512
0.759881 13.7715 -0.00198356 -0.00172686 4.63439 3.41086 9.86816 0.466585 5.16131 -5.38352 -6.4666 -15.6469 6.93948 -0.00154013 0.376989 0.000799529 0.00119075 0.00156166 3.12935 1.0576 -6.57714 0.338806 20.54 -10.9277 -12.7445 -7.45759 -1.98306 11.1328 14.3232 -0.543921 -9.58051 0.00119663 -9.77849 7.16261 -8.84347 -5.28003 16.1123 0.00143863 0.0010213 0.00130848 0.00141335 -5.08223 5.56616 -0.171862 -11.5171 11.3004 2.59757 -2.2221 0.707856 1.56889 -2.69821 0.0013493 11.0494 5.7946 3.13697 -0.000877682 -1.15686 -15.3871 -13.2553 2.83536 -0.00178656 -3.9921 -5.95665 14.7485 -0.46753 -1.81361 -1.79852 6.32375 0.000869304 0.137834 8.03857 -0.409676 2.41323 2.94241 6.07021 6.06503 -11.2641 11.7425 -0.541015 -1.17257 0.110266 -0.000758342 -7.89138 -13.7375 -5.851 4.92809 3.40301 -8.48198 -0.0018715 -1.75472 1.61269 3.02807 7.0384 -9.02509 12.3598 0.00133778 -5.76597 0.00104508 0.00103474 0.496013

-1.2248 1.05523 -2.55988 2.14407 0.5846
-10.2234 -2.7792 -3.96267 7.45591 9.51005
0.0014382 -0.00103405 0.00186859 0.000610652 0.000576343
-0.000148246 -0.00128586 0.00183049 0.000527549 0.000825596
-3.40114 -1.53052 1.87633 0.0191209 3.03472
-2.82975 -0.187658 -2.11596 2.78116 2.35002
-8.34396 -2.70804 -0.604478 6.09072 5.56548
-0.195574 -0.282358 1.60962 -1.55461 0.420571
7.65372 -12.1806 5.39159 -6.76698 5.90309
2.87976 1.88005 -0.311183 -0.0600859 -4.38944
3.51049 2.54815 -1.1841 0.230233 -5.104
9.64985 4.27342 0.621981 -2.27106 -12.2731
-7.28603 -14.6575 9.04324 13.9607 -1.05883
-0.0017205 0.00164212 0.000922518 0.000282233 0.00096481
-0.332249 -0.177177 0.49451 -0.161734 0.175027
0.000110542 0.00137076 0.000863662 0.00142781 -0.00237986
0.00054916 -0.00146906 0.00118705 -0.00135118 -0.00155423
-0.00198548 -0.0011592 0.000830706 -0.00136289 -0.00136469
-2.60564 -0.402247 -1.36429 2.34373 2.03065
-0.844796 -0.0238677 -0.714598 0.808217 0.770506
4.11083 1.59479 1.02564 -1.53978 -5.19244
-0.314868 -0.217842 1.58455 -1.22018 0.168422
10.1246 -17.5234 6.91344 -7.29285 7.77723
7.09653 2.77192 1.45142 -3.00341 -8.3175
7.9791 3.0845 2.23848 -3.2714 -10.032
4.06985 2.35196 -0.0431486 -0.231937 -6.14712
0.822781 0.552026 0.270958 0.251352 -1.89794
-7.81383 -2.94872 -1.21743 4.22509 7.75688
-10.8096 -3.56697 -2.33687 7.30759 9.40388
0.177849 -0.0140041 1.0193 -0.560262 -0.621089
5.29527 2.12097 1.93906 -1.07491 -8.27596
0.00104979 0.000607563 0.00157014 -0.000518936 -0.000670752
5.81749 2.69981 0.4208 -1.10082 -7.84169
-5.15352 -1.90581 -0.787472 2.97227 4.87373
5.17873 2.55796 0.288718 -0.929745 -7.09529
3.40753 1.28994 1.12065 -1.76531 -4.05445
-25.4904 6.27161 -3.31326 7.53876 14.9932
0.00103017 -0.00142318 -0.000217689 -0.00169865 -0.00189137
0.00197712 0.000349881 -0.000743225 -0.00052401 -0.000490563
-0.000542663 0.00139261 5.90752e-05 -0.000991648 -4.17019e-05
-0.00102157 0.000360948 0.00153522 0.000690212 0.000315537
2.45475 2.28999 -1.16938 0.533746 -4.10389
-3.91399 -1.51194 -0.424945 1.9899 3.86275
-0.2889 -0.277809 3.64974 -2.56812 -0.513006
15.4075 6.95874 1.86199 -5.66757 -18.5596
-5.36651 14.1106 -5.38982 -3.78137 0.424097
-2.59512 -1.33415 3.82573 -0.826653 0.933048
1.44431 1.0689 -0.331639 -0.746006 -1.43463
-0.860188 -0.515081 3.12301 -1.87688 0.126432
-1.18855 -0.325393 -0.375171 0.827339 1.06225
1.52262 2.1683 -3.24531 1.34864 -1.79484
-9.03341e-05 0.0018576 -0.00201144 0.000650197 -0.00150618
-8.41317 -3.37947 0.0627727 4.82721 6.90103
-4.41358 -1.78706 0.0972474 2.49275 3.61171
-2.29023 -0.918092 -0.0235504 1.16409 2.06715
-0.00134362 0.000520868 -0.000331639 -0.00140893 0.00136241
-9.3781 -11.5034 9.89847 2.99383 7.99101
9.59079 3.76225 2.00592 -3.19638 -12.1612
7.98848 4.11769 -0.359052 -1.43718 -10.3098
-2.57415 0.0737367 -2.29876 2.93075 1.86901
0.00163361 -0.00101432 0.000840998 0.00132503 0.00125943
2.05513 0.629566 2.77711 -1.81439 -3.64651
3.77431 1.60799 0.289274 -1.08863 -4.58689
-10.6219 -3.43353 -2.9274 6.71787 10.263
-0.160932 -0.273182 3.60533 -2.32653 -0.84259
0.882849 1.15188 -2.61307 1.69442 -1.11247
0.842308 1.13764 -1.03375 0.419205 -1.36968
-4.75604 -0.728962 -2.51477 3.37008 4.62798
0.00180181 0.00180102 -0.00168912 -0.0010189 -0.0015411
-0.222027 -0.0852664 -0.047413 0.408489 -0.056094
-5.60304 -2.26067 -0.218116 2.4965 5.5849
-0.187329 0.483754 -0.508532 0.728702 -0.513694
0.230865 -1.97201 0.48839 -0.448733 1.69779
0.139292 -5.81669 4.16031 1.74127 -0.228033
0.985988 7.62543 8.10469 -11.3491 -5.36877
-4.26773 -1.49595 -0.960376 2.45474 4.26831
7.20751 2.70434 2.87627 -4.0835 -8.70356
-9.0415 -2.59614 -2.76013 6.69136 7.70477
0.83584 0.13472 -0.566867 0.505798 -0.907779
0.754992 0.537879 -0.137851 -0.378055 -0.774568
-15.7397 13.4827 -8.50176 4.75274 6.00588
-0.00150636 -0.00019187 -0.0019698 0.00078723 0.0019056
4.34634 3.56645 -2.24922 0.276528 -5.94483
8.55963 4.22157 -0.595256 -1.68293 -10.4992
3.39355 2.16936 -0.772622 -0.299134 -4.49144
12.4749 -15.9444 5.53669 -7.96866 5.90121
-2.32672 -0.893166 1.03159 -0.324104 2.51432
4.52619 3.03576 -0.666535 -0.00619013 -6.88978
0.00201273 -0.00100696 0.000407053 -0.00135772 -0.000565552
16.8186 3.77497 -8.16253 -1.82144 -10.6052
0.207851 -1.36162 0.345306 -0.301427 1.11116
-2.50168 -0.775267 -0.29918 1.7851 1.79088
-5.44076 -2.29947 1.46567 1.97298 4.30377
4.55267 3.03495 -0.137934 0.207269 -7.65786
-5.45595 14.7913 -8.66173 -2.13815 1.46623
0.0013902 -0.000154921 -0.00160601 7.62922e-05 -0.00186269
2.22333 2.76198 -1.23084 1.2868 -5.04375
0.00136155 0.000525473 0.000540235 0.000184824 -0.00110228
-0.000929603 -0.000244489 0.000789875 -0.000444365 0.000252276
-0.848166 0.489802 -1.23878 1.36607 0.232699

Bias: 
0.184231 0.00377494 -5.44742e-05 -0.00106771 1.06883 0.0674822 2.02762 0.469207 0.646765 0.902233 0.807901 2.00467 -1.64335 -0.00243732 0.315291 -0.000360273 -0.00379043 -0.000576346 0.0863378 0.0266553 1.10388 0.688182 -0.43602 1.33283 2.17558 1.3845 0.819676 0.0560744 0.717116 0.669364 2.67229 -0.00117013 1.5202 0.185316 1.39019 0.853389 1.62405 -0.000858521 -0.000676514 0 -0.000190928 0.694672 0.082898 1.88755 -1.03619 0.833241 2.55077 0.220577 1.64768 0.0244916 0.642319 -0.000492324 1.42924 0.776541 0.265256 -0.000155625 -2.17578 2.43521 1.48585 0.114498 -0.000426772 2.06331 0.649994 -0.0426725 1.99304 0.442939 0.248166 -0.0281941 -0.000820723 0.199109 0.245644 0.298094 0.104125 -0.664862 1.17153 -0.0385277 2.05243 0.473089 0.0265618 0.11195 -1.1067 -0.000810849 0.963679 1.52526 0.677087 3.51792 0.362087 1.35216 0 -0.252227 0.077367 0.483289 1.53459 2.03043 0.70935 -0.000998519 1.4435 -0.00128802 0 0.100909

-2.16998 1.06991 2.80867 -0.427925 -1.28067

End File