[-18.9699211120605, 20.1700420379639, -1.23507332801819]::(255.0, 111.0, 124.0, 165.0)::(56.0, 8.0)->(0, 0)
[-18.9547214508057, 19.7103004455566, -1.23031389713287]::(255.0, 111.0, 124.0, 165.0)::(56.0, 8.0)->(0, 0)
[-19.203067779541, 19.4133281707764, -1.13157296180725]::(255.0, 111.0, 124.0, 165.0)::(56.0, 8.0)->(0, 0)
[-18.912654876709, 19.8335418701172, -1.34759175777435]::(255.0, 111.0, 124.0, 165.0)::(56.0, 8.0)->(0, 0)
[-18.563175201416, 19.507194519043, -1.07057821750641]::(255.0, 111.0, 124.0, 165.0)::(52.0, 8.0)->(0, 0)
[-18.9061183929443, 19.7929534912109, -1.0742689371109]::(255.0, 111.0, 124.0, 165.0)::(52.0, 8.0)->(0, 0)
[-19.0521507263184, 19.7876148223877, -1.07620000839233]::(255.0, 111.0, 124.0, 165.0)::(52.0, 8.0)->(0, 0)
[-18.6245403289795, 20.1081809997559, -1.32709836959839]::(255.0, 111.0, 124.0, 165.0)::(52.0, 8.0)->(0, 0)
[-18.9740161895752, 19.7459087371826, -1.05610418319702]::(255.0, 111.0, 124.0, 165.0)::(52.0, 8.0)->(0, 0)
[-18.9326667785645, 19.7803821563721, -1.20684885978699]::(255.0, 111.0, 124.0, 165.0)::(52.0, 8.0)->(0, 0)
[-19.6941013336182, 20.6161651611328, -1.66490697860718]::(262.0, 109.0, 128.0, 170.0)::(60.0, 8.0)->(1, 0)
[-19.2586898803711, 19.7732524871826, -1.43235230445862]::(262.0, 109.0, 128.0, 170.0)::(50.0, 8.0)->(1, 0)
[-19.7540130615234, 20.3139266967773, -1.66025161743164]::(262.0, 109.0, 128.0, 170.0)::(50.0, 8.0)->(1, 0)
[-19.3634490966797, 19.6157569885254, -1.4930716753006]::(262.0, 109.0, 128.0, 170.0)::(50.0, 8.0)->(1, 0)
[-19.6221790313721, 19.9626865386963, -1.72443640232086]::(262.0, 109.0, 128.0, 170.0)::(50.0, 8.0)->(1, 0)
[-19.5488834381104, 20.2790756225586, -1.73259007930756]::(262.0, 109.0, 128.0, 170.0)::(50.0, 8.0)->(1, 0)
[-18.8961944580078, 19.8354225158691, -1.53350579738617]::(262.0, 109.0, 128.0, 170.0)::(50.0, 8.0)->(1, 0)
[-19.0987110137939, 20.3445529937744, -1.50090563297272]::(262.0, 109.0, 128.0, 170.0)::(50.0, 8.0)->(1, 0)
[-19.415111541748, 20.2751407623291, -1.59331178665161]::(262.0, 109.0, 128.0, 170.0)::(50.0, 8.0)->(1, 0)
[-19.5670509338379, 20.1630535125732, -1.55737805366516]::(262.0, 109.0, 128.0, 170.0)::(50.0, 8.0)->(1, 0)
[-19.5075607299805, 20.8995590209961, -1.72252476215363]::(265.0, 108.0, 127.0, 169.0)::(68.0, 8.0)->(2, 0)
[-19.3821487426758, 21.2079315185547, -1.84709143638611]::(265.0, 108.0, 127.0, 169.0)::(68.0, 8.0)->(2, 0)
[-18.7424983978271, 20.1868572235107, -1.57091045379639]::(265.0, 108.0, 127.0, 169.0)::(68.0, 8.0)->(2, 0)
[-19.3125343322754, 20.5875930786133, -2.00395274162292]::(265.0, 108.0, 127.0, 169.0)::(68.0, 8.0)->(2, 0)
[-19.3161563873291, 20.8560428619385, -1.98333120346069]::(265.0, 108.0, 127.0, 169.0)::(68.0, 8.0)->(2, 0)
[-19.1855278015137, 20.1334743499756, -1.60456931591034]::(265.0, 108.0, 127.0, 169.0)::(68.0, 8.0)->(2, 0)
[-20.3568592071533, 20.8234844207764, -2.01581954956055]::(265.0, 108.0, 127.0, 169.0)::(68.0, 8.0)->(2, 0)
[-19.9485416412354, 20.1294765472412, -1.8121337890625]::(265.0, 108.0, 127.0, 169.0)::(68.0, 8.0)->(2, 0)
[-19.0268230438232, 20.464485168457, -1.66977667808533]::(265.0, 108.0, 127.0, 169.0)::(68.0, 8.0)->(2, 0)
[-18.4584884643555, 20.957727432251, -1.93662250041962]::(265.0, 108.0, 127.0, 169.0)::(68.0, 8.0)->(2, 0)
[-19.8973693847656, 20.6442203521729, -2.19234323501587]::(265.0, 108.0, 127.0, 169.0)::(90.0, 8.0)->(3, 0)
[-18.9784278869629, 20.1170330047607, -1.79830574989319]::(265.0, 108.0, 127.0, 169.0)::(90.0, 8.0)->(3, 0)
[-19.8276138305664, 20.6906070709229, -2.06771421432495]::(265.0, 108.0, 127.0, 169.0)::(95.0, 8.0)->(3, 0)
[-18.7666149139404, 19.9843845367432, -2.02286410331726]::(265.0, 108.0, 127.0, 169.0)::(95.0, 8.0)->(3, 0)
[-18.899263381958, 21.1288528442383, -2.25394749641418]::(265.0, 108.0, 127.0, 169.0)::(95.0, 8.0)->(3, 0)
[-18.8183517456055, 20.625452041626, -2.15270757675171]::(265.0, 108.0, 127.0, 169.0)::(95.0, 8.0)->(3, 0)
[-18.4010372161865, 20.6855659484863, -1.95331799983978]::(265.0, 108.0, 127.0, 169.0)::(95.0, 8.0)->(3, 0)
[-18.4153022766113, 20.882905960083, -2.29875445365906]::(265.0, 108.0, 127.0, 169.0)::(90.0, 8.0)->(3, 0)
[-18.6387481689453, 20.3611297607422, -2.10718202590942]::(265.0, 108.0, 127.0, 169.0)::(95.0, 8.0)->(3, 0)
[-18.6742305755615, 20.7472591400146, -2.37645530700684]::(265.0, 108.0, 127.0, 169.0)::(95.0, 8.0)->(3, 0)
[-19.0203666687012, 20.9873218536377, -2.70917177200317]::(265.0, 111.0, 127.0, 169.0)::(128.0, 8.0)->(4, 0)
[-19.2787914276123, 20.7419509887695, -2.52880764007568]::(265.0, 111.0, 127.0, 169.0)::(133.0, 8.0)->(4, 0)
[-18.8932800292969, 21.3421382904053, -2.78866291046143]::(265.0, 111.0, 127.0, 169.0)::(128.0, 8.0)->(4, 0)
[-18.4003295898438, 21.0464115142822, -2.4780330657959]::(265.0, 111.0, 127.0, 169.0)::(128.0, 8.0)->(4, 0)
[-18.7266807556152, 21.1550483703613, -2.68497180938721]::(265.0, 111.0, 127.0, 169.0)::(128.0, 8.0)->(4, 0)
[-19.1462650299072, 21.1979389190674, -2.79318571090698]::(265.0, 111.0, 127.0, 169.0)::(128.0, 8.0)->(4, 0)
[-19.6809711456299, 21.119140625, -2.86604022979736]::(265.0, 111.0, 127.0, 169.0)::(128.0, 8.0)->(4, 0)
[-19.0819034576416, 20.8158340454102, -2.5676953792572]::(265.0, 111.0, 127.0, 169.0)::(133.0, 8.0)->(4, 0)
[-19.0656147003174, 21.473783493042, -2.77579998970032]::(265.0, 111.0, 127.0, 169.0)::(133.0, 8.0)->(4, 0)
[-20.1029529571533, 21.2013397216797, -2.84661769866943]::(265.0, 111.0, 127.0, 169.0)::(133.0, 8.0)->(4, 0)
