[-16.9394874572754, -10.7628870010376, 2.9635317325592]::(225.0, 70.0, 189.0, 252.0)::(54.0, 14.0)->(0, 0)
[-17.4110984802246, -9.96380519866943, 3.00575184822083]::(225.0, 70.0, 189.0, 252.0)::(52.0, 14.0)->(0, 0)
[-17.5417461395264, -10.8623161315918, 3.07769751548767]::(225.0, 70.0, 189.0, 252.0)::(52.0, 14.0)->(0, 0)
[-17.9616756439209, -10.4369258880615, 2.89828395843506]::(225.0, 70.0, 189.0, 252.0)::(52.0, 14.0)->(0, 0)
[-17.5116996765137, -10.132022857666, 3.08681106567383]::(225.0, 70.0, 189.0, 252.0)::(52.0, 14.0)->(0, 0)
[-17.1880722045898, -10.4925842285156, 3.0951623916626]::(225.0, 70.0, 189.0, 252.0)::(69.0, 14.0)->(0, 0)
[-17.1036930084229, -10.0242614746094, 3.02814126014709]::(225.0, 77.0, 180.0, 240.0)::(64.0, 14.0)->(0, 0)
[-17.6714992523193, -10.6218891143799, 2.96304821968079]::(225.0, 77.0, 180.0, 240.0)::(66.0, 14.0)->(0, 0)
[-18.1394348144531, -9.97706127166748, 3.40804982185364]::(225.0, 77.0, 180.0, 240.0)::(66.0, 14.0)->(0, 0)
[-17.7138710021973, -10.6198844909668, 3.12189078330994]::(225.0, 66.0, 191.0, 254.0)::(66.0, 14.0)->(0, 0)
[-16.6323165893555, -10.4926261901855, 2.56461381912231]::(229.0, 72.0, 187.0, 249.0)::(71.0, 13.0)->(1, 0)
[-17.1258449554443, -11.1482057571411, 2.78536248207092]::(229.0, 72.0, 187.0, 249.0)::(69.0, 13.0)->(1, 0)
[-17.4791278839111, -10.5890922546387, 2.76541996002197]::(229.0, 72.0, 187.0, 249.0)::(71.0, 13.0)->(1, 0)
[-16.7346038818359, -10.239818572998, 2.81343102455139]::(229.0, 72.0, 187.0, 249.0)::(71.0, 13.0)->(1, 0)
[-16.3640327453613, -10.7054309844971, 2.84201645851135]::(229.0, 72.0, 187.0, 249.0)::(71.0, 13.0)->(1, 0)
[-17.199914932251, -10.6157970428467, 2.97557353973389]::(229.0, 72.0, 187.0, 249.0)::(71.0, 13.0)->(1, 0)
[-16.8919563293457, -10.4265785217285, 2.52133011817932]::(229.0, 72.0, 187.0, 249.0)::(71.0, 13.0)->(1, 0)
[-16.5481510162354, -10.9722843170166, 2.75205039978027]::(229.0, 72.0, 187.0, 249.0)::(71.0, 13.0)->(1, 0)
[-16.5910911560059, -10.5201053619385, 2.77619886398315]::(229.0, 72.0, 187.0, 249.0)::(71.0, 13.0)->(1, 0)
[-17.4987602233887, -10.0778131484985, 2.57456231117249]::(220.0, 62.0, 197.0, 262.0)::(71.0, 13.0)->(1, 0)
[-17.2342300415039, -10.4022760391235, 2.13658976554871]::(228.0, 64.0, 186.0, 248.0)::(97.0, 12.0)->(2, 0)
[-17.6891536712646, -10.3038234710693, 2.36878347396851]::(228.0, 64.0, 186.0, 248.0)::(95.0, 12.0)->(2, 0)
[-18.1287269592285, -10.1591119766235, 2.46274375915527]::(228.0, 64.0, 186.0, 248.0)::(95.0, 12.0)->(2, 0)
[-17.4247817993164, -10.8034582138062, 2.41911816596985]::(228.0, 64.0, 186.0, 248.0)::(95.0, 12.0)->(2, 0)
[-17.6085414886475, -10.5913982391357, 2.10931658744812]::(228.0, 64.0, 186.0, 248.0)::(97.0, 12.0)->(2, 0)
[-18.0754432678223, -9.96496200561523, 2.36714625358582]::(222.0, 62.0, 198.0, 264.0)::(97.0, 12.0)->(2, 0)
[-18.3106651306152, -10.2138147354126, 2.55910706520081]::(222.0, 62.0, 198.0, 264.0)::(97.0, 12.0)->(2, 0)
[-18.0820560455322, -10.2944622039795, 2.49853420257568]::(226.0, 66.0, 188.0, 250.0)::(97.0, 12.0)->(2, 0)
[-18.9818477630615, -9.80195236206055, 2.64752650260925]::(226.0, 66.0, 188.0, 250.0)::(97.0, 12.0)->(2, 0)
[-18.029296875, -10.0187683105469, 2.27139401435852]::(226.0, 66.0, 188.0, 250.0)::(97.0, 12.0)->(2, 0)
[-18.6639575958252, -10.6581544876099, 3.00043606758118]::(225.0, 56.0, 189.0, 252.0)::(118.0, 14.0)->(3, 0)
[-19.4306564331055, -10.9697418212891, 3.20684742927551]::(225.0, 56.0, 189.0, 252.0)::(118.0, 14.0)->(3, 0)
[-19.0808448791504, -11.3732538223267, 3.42814445495605]::(225.0, 56.0, 189.0, 252.0)::(118.0, 14.0)->(3, 0)
[-18.612606048584, -10.3220071792603, 3.03032636642456]::(225.0, 56.0, 189.0, 252.0)::(118.0, 14.0)->(3, 0)
[-18.8612957000732, -10.7987661361694, 3.13140463829041]::(225.0, 56.0, 189.0, 252.0)::(118.0, 14.0)->(3, 0)
[-18.3683433532715, -11.4897031784058, 3.08737897872925]::(225.0, 56.0, 189.0, 252.0)::(118.0, 14.0)->(3, 0)
[-17.9256134033203, -10.6859226226807, 2.86794829368591]::(225.0, 56.0, 189.0, 252.0)::(118.0, 14.0)->(3, 0)
[-18.9991474151611, -11.1089143753052, 2.89581298828125]::(229.0, 60.0, 180.0, 240.0)::(118.0, 14.0)->(3, 0)
[-18.4651699066162, -11.5860929489136, 3.29369688034058]::(229.0, 60.0, 180.0, 240.0)::(118.0, 14.0)->(3, 0)
[-18.3158874511719, -11.5377225875854, 3.24284815788269]::(229.0, 60.0, 180.0, 240.0)::(120.0, 14.0)->(3, 0)
[-18.8531532287598, -11.0062265396118, 2.94824385643005]::(228.0, 61.0, 181.0, 241.0)::(141.0, 14.0)->(4, 0)
[-19.8369007110596, -10.9214544296265, 2.90643048286438]::(217.0, 51.0, 199.0, 265.0)::(125.0, 13.0)->(4, 0)
[-19.3591041564941, -10.5096778869629, 2.96507453918457]::(224.0, 57.0, 188.0, 250.0)::(125.0, 13.0)->(4, 0)
[-19.8389415740967, -11.21764087677, 3.05637431144714]::(224.0, 57.0, 188.0, 250.0)::(123.0, 13.0)->(4, 0)
[-19.8923606872559, -10.3898458480835, 3.08500981330872]::(224.0, 57.0, 188.0, 250.0)::(125.0, 13.0)->(4, 0)
[-19.6069812774658, -11.1368837356567, 3.02223014831543]::(224.0, 57.0, 188.0, 250.0)::(125.0, 13.0)->(4, 0)
[-20.7436389923096, -10.7739181518555, 3.08862090110779]::(224.0, 57.0, 188.0, 250.0)::(125.0, 13.0)->(4, 0)
[-18.7112998962402, -10.3291797637939, 2.90171694755554]::(217.0, 51.0, 202.0, 269.0)::(125.0, 13.0)->(4, 0)
[-20.5569095611572, -11.0744304656982, 3.23406028747559]::(217.0, 51.0, 202.0, 269.0)::(125.0, 13.0)->(4, 0)
[-19.4356498718262, -11.0001907348633, 2.96968841552734]::(217.0, 51.0, 202.0, 269.0)::(125.0, 13.0)->(4, 0)
