[-18.6772193908691, 1.81659638881683, 2.19482207298279]::(255.0, 105.0, 114.0, 152.0)::(52.0, 7.0)->(0, 0)
[-18.5596446990967, 1.52808201313019, 2.21887254714966]::(255.0, 105.0, 114.0, 152.0)::(60.0, 7.0)->(0, 0)
[-18.6469554901123, 0.913281440734863, 2.39452528953552]::(255.0, 105.0, 114.0, 152.0)::(60.0, 7.0)->(0, 0)
[-17.9796581268311, 1.92306756973267, 2.21207141876221]::(255.0, 105.0, 114.0, 152.0)::(52.0, 7.0)->(0, 0)
[-18.1325607299805, 1.1314469575882, 2.25944352149963]::(255.0, 105.0, 114.0, 152.0)::(52.0, 7.0)->(0, 0)
[-18.3152179718018, 0.633433997631073, 2.3973228931427]::(255.0, 105.0, 114.0, 152.0)::(52.0, 7.0)->(0, 0)
[-17.478551864624, 0.894068479537964, 2.39942574501038]::(255.0, 105.0, 114.0, 152.0)::(52.0, 7.0)->(0, 0)
[-17.5337753295898, 0.0754987448453903, 2.58521175384521]::(255.0, 105.0, 114.0, 152.0)::(52.0, 7.0)->(0, 0)
[-17.6956462860107, 0.95494681596756, 2.45148873329163]::(255.0, 105.0, 114.0, 152.0)::(60.0, 7.0)->(0, 0)
[-17.3840789794922, 1.12446081638336, 2.49728322029114]::(255.0, 105.0, 114.0, 152.0)::(52.0, 7.0)->(0, 0)
[-18.0603408813477, 1.52076804637909, 2.41745662689209]::(255.0, 105.0, 114.0, 152.0)::(47.0, 7.0)->(0, 0)
[-17.9679565429688, 1.19397902488708, 2.48456621170044]::(255.0, 105.0, 114.0, 152.0)::(52.0, 7.0)->(0, 0)
[-17.8697528839111, 1.75897860527039, 2.3635401725769]::(255.0, 105.0, 114.0, 152.0)::(52.0, 7.0)->(0, 0)
[-18.6865367889404, 1.66741836071014, 2.37144422531128]::(255.0, 105.0, 114.0, 152.0)::(47.0, 7.0)->(0, 0)
[-17.9614772796631, 1.0804135799408, 2.39541840553284]::(255.0, 105.0, 114.0, 152.0)::(47.0, 7.0)->(0, 0)
[-17.6179275512695, 1.37622761726379, 2.58037614822388]::(255.0, 105.0, 114.0, 152.0)::(47.0, 7.0)->(0, 0)
[-18.234224319458, 1.41768538951874, 2.4128201007843]::(255.0, 105.0, 114.0, 152.0)::(47.0, 7.0)->(0, 0)
[-18.2157955169678, 1.38690054416656, 2.35318350791931]::(255.0, 105.0, 114.0, 152.0)::(47.0, 7.0)->(0, 0)
[-18.0621891021729, 1.94723439216614, 2.16655278205872]::(255.0, 105.0, 114.0, 152.0)::(47.0, 7.0)->(0, 0)
[-18.5742568969727, 1.69004201889038, 2.19174265861511]::(255.0, 105.0, 114.0, 152.0)::(52.0, 7.0)->(0, 0)
[-17.8318920135498, 0.658503532409668, 2.43081641197205]::(255.0, 105.0, 114.0, 152.0)::(56.0, 7.0)->(0, 0)
[-18.2985534667969, 1.12001812458038, 2.36987471580505]::(255.0, 105.0, 114.0, 152.0)::(47.0, 7.0)->(0, 0)
[-18.5041751861572, 1.58988189697266, 2.2873911857605]::(255.0, 105.0, 114.0, 152.0)::(47.0, 7.0)->(0, 0)
[-18.1382026672363, 1.88360822200775, 2.29793190956116]::(255.0, 105.0, 114.0, 152.0)::(47.0, 7.0)->(0, 0)
[-18.00927734375, 1.57314300537109, 2.34368205070496]::(255.0, 105.0, 114.0, 152.0)::(47.0, 7.0)->(0, 0)
[-17.9412269592285, 1.85884153842926, 2.11712455749512]::(255.0, 105.0, 114.0, 152.0)::(47.0, 7.0)->(0, 0)
[-17.4414653778076, 1.47216033935547, 2.10187196731567]::(255.0, 105.0, 114.0, 152.0)::(47.0, 7.0)->(0, 0)
[-17.8388710021973, 1.16552436351776, 2.31319999694824]::(255.0, 105.0, 114.0, 152.0)::(52.0, 7.0)->(0, 0)
[-18.1948642730713, 1.71806073188782, 2.25737524032593]::(255.0, 105.0, 114.0, 152.0)::(52.0, 7.0)->(0, 0)
[-18.067455291748, 1.81513047218323, 2.40165567398071]::(255.0, 105.0, 114.0, 152.0)::(52.0, 7.0)->(0, 0)
[-18.1487045288086, 1.44704747200012, 2.41952157020569]::(255.0, 105.0, 114.0, 152.0)::(52.0, 7.0)->(0, 0)
[-18.3253173828125, 1.39094686508179, 2.28768658638]::(255.0, 105.0, 114.0, 152.0)::(52.0, 7.0)->(0, 0)
[-18.6068115234375, 1.94202446937561, 2.26312398910522]::(255.0, 105.0, 114.0, 152.0)::(47.0, 7.0)->(0, 0)
[-19.2247791290283, 2.19259476661682, 2.27489185333252]::(255.0, 105.0, 114.0, 152.0)::(47.0, 7.0)->(0, 0)
[-18.9222564697266, 2.04506301879883, 2.29863476753235]::(255.0, 105.0, 114.0, 152.0)::(47.0, 7.0)->(0, 0)
[-18.31760597229, 1.29186570644379, 2.44259905815125]::(255.0, 105.0, 114.0, 152.0)::(47.0, 7.0)->(0, 0)
[-18.1854381561279, 0.685945153236389, 2.56879544258118]::(255.0, 105.0, 114.0, 152.0)::(47.0, 7.0)->(0, 0)
[-18.6279602050781, 1.50069034099579, 2.32086062431335]::(255.0, 105.0, 114.0, 152.0)::(52.0, 7.0)->(0, 0)
[-19.1077346801758, 1.3792165517807, 2.19171380996704]::(255.0, 105.0, 114.0, 152.0)::(52.0, 7.0)->(0, 0)
[-18.6535167694092, 0.849703133106232, 2.45610570907593]::(255.0, 105.0, 114.0, 152.0)::(52.0, 7.0)->(0, 0)
[-17.9411201477051, 1.93580436706543, 2.28215098381042]::(255.0, 105.0, 114.0, 152.0)::(60.0, 7.0)->(0, 0)
[-18.2939586639404, 1.08012223243713, 2.34990501403809]::(255.0, 105.0, 114.0, 152.0)::(52.0, 7.0)->(0, 0)
[-18.3627548217773, 1.43502223491669, 2.25310492515564]::(255.0, 105.0, 114.0, 152.0)::(52.0, 7.0)->(0, 0)
[-19.0045795440674, 0.882577538490295, 2.21801662445068]::(255.0, 105.0, 114.0, 152.0)::(52.0, 7.0)->(0, 0)
[-18.7393112182617, 1.29495620727539, 2.42130064964294]::(255.0, 105.0, 114.0, 152.0)::(52.0, 7.0)->(0, 0)
[-18.1815319061279, 1.45971024036407, 2.36880445480347]::(255.0, 105.0, 114.0, 152.0)::(52.0, 7.0)->(0, 0)
[-18.9847316741943, 1.26258277893066, 2.12558650970459]::(255.0, 105.0, 114.0, 152.0)::(65.0, 7.0)->(0, 0)
[-18.7608776092529, 1.37719690799713, 2.24349188804626]::(255.0, 105.0, 114.0, 152.0)::(60.0, 7.0)->(0, 0)
[-18.0909404754639, 1.2790699005127, 2.29234766960144]::(255.0, 105.0, 114.0, 152.0)::(52.0, 7.0)->(0, 0)
[-18.4251670837402, 1.46072697639465, 2.25643444061279]::(255.0, 105.0, 114.0, 152.0)::(52.0, 7.0)->(0, 0)
[-19.1014652252197, 1.63634598255157, 2.33846497535706]::(255.0, 105.0, 114.0, 152.0)::(52.0, 7.0)->(0, 0)
[-19.040412902832, 1.74828577041626, 2.22099709510803]::(255.0, 105.0, 114.0, 152.0)::(56.0, 7.0)->(0, 0)
[-19.0413017272949, 1.04025340080261, 2.33124303817749]::(255.0, 105.0, 114.0, 152.0)::(56.0, 7.0)->(0, 0)
[-18.556884765625, 1.59766530990601, 2.05161023139954]::(255.0, 105.0, 114.0, 152.0)::(56.0, 7.0)->(0, 0)
[-18.1260223388672, 1.69201409816742, 2.33741044998169]::(255.0, 105.0, 114.0, 152.0)::(56.0, 7.0)->(0, 0)
[-18.3962669372559, 0.908800005912781, 2.44766736030579]::(255.0, 105.0, 114.0, 152.0)::(56.0, 7.0)->(0, 0)
[-17.2784824371338, 0.822381436824799, 2.33917737007141]::(255.0, 105.0, 114.0, 152.0)::(56.0, 7.0)->(0, 0)
[-18.6157493591309, 2.19983100891113, 2.05842542648315]::(255.0, 105.0, 114.0, 152.0)::(56.0, 7.0)->(0, 0)
[-17.8856048583984, 1.80074501037598, 2.00601100921631]::(255.0, 105.0, 114.0, 152.0)::(56.0, 7.0)->(0, 0)
[-18.7278861999512, 1.8658435344696, 1.95977079868317]::(255.0, 105.0, 114.0, 152.0)::(56.0, 7.0)->(0, 0)
[-17.9943618774414, 1.84232246875763, 2.1511287689209]::(255.0, 105.0, 114.0, 152.0)::(56.0, 7.0)->(0, 0)
[-18.0103855133057, 1.33103394508362, 2.13305354118347]::(255.0, 105.0, 114.0, 152.0)::(52.0, 7.0)->(0, 0)
[-18.5214672088623, 2.07900404930115, 1.83522188663483]::(255.0, 105.0, 114.0, 152.0)::(52.0, 7.0)->(0, 0)
[-17.9466915130615, 1.08280575275421, 2.06847596168518]::(255.0, 105.0, 114.0, 152.0)::(52.0, 7.0)->(0, 0)
[-19.0181560516357, 1.4018087387085, 2.16725993156433]::(255.0, 105.0, 114.0, 152.0)::(60.0, 7.0)->(0, 0)
[-18.8124504089355, 0.918139338493347, 2.28301310539246]::(255.0, 105.0, 114.0, 152.0)::(52.0, 7.0)->(0, 0)
[-18.4535961151123, 0.871248722076416, 2.19889092445374]::(255.0, 105.0, 114.0, 152.0)::(52.0, 7.0)->(0, 0)
[-18.6275787353516, 1.87637054920197, 2.18095421791077]::(255.0, 105.0, 114.0, 152.0)::(52.0, 7.0)->(0, 0)
[-19.2144470214844, 0.749906659126282, 2.27409887313843]::(255.0, 105.0, 114.0, 152.0)::(52.0, 7.0)->(0, 0)
[-18.7407379150391, 1.12926435470581, 2.2630078792572]::(255.0, 105.0, 114.0, 152.0)::(52.0, 7.0)->(0, 0)
[-19.1138153076172, 1.41933703422546, 2.17236375808716]::(255.0, 105.0, 114.0, 152.0)::(52.0, 7.0)->(0, 0)
[-18.5824794769287, 0.676202297210693, 2.04582905769348]::(255.0, 105.0, 114.0, 152.0)::(52.0, 7.0)->(0, 0)
[-18.5602149963379, 1.06339693069458, 2.13520956039429]::(255.0, 105.0, 114.0, 152.0)::(52.0, 7.0)->(0, 0)
[-18.3273582458496, 1.22713768482208, 2.15582132339478]::(255.0, 105.0, 114.0, 152.0)::(52.0, 7.0)->(0, 0)
[-18.400842666626, 1.18532955646515, 2.23756742477417]::(255.0, 105.0, 114.0, 152.0)::(52.0, 7.0)->(0, 0)
[-18.9846515655518, 1.04521870613098, 2.25384306907654]::(255.0, 105.0, 114.0, 152.0)::(52.0, 7.0)->(0, 0)
[-19.0937881469727, 2.01659607887268, 1.99151539802551]::(255.0, 105.0, 114.0, 152.0)::(52.0, 7.0)->(0, 0)
[-18.5862197875977, 1.06708419322968, 2.22848105430603]::(255.0, 105.0, 114.0, 152.0)::(52.0, 7.0)->(0, 0)
[-18.89137840271, 1.52669358253479, 2.11457753181458]::(255.0, 105.0, 114.0, 152.0)::(52.0, 7.0)->(0, 0)
[-18.643404006958, 1.57248783111572, 2.10881376266479]::(255.0, 105.0, 114.0, 152.0)::(52.0, 7.0)->(0, 0)
[-18.7301483154297, 1.57154953479767, 2.25328493118286]::(255.0, 105.0, 114.0, 152.0)::(52.0, 7.0)->(0, 0)
[-19.1107730865479, 1.6984406709671, 2.11527490615845]::(255.0, 105.0, 114.0, 152.0)::(56.0, 7.0)->(0, 0)
[-18.9687957763672, 2.11928248405457, 1.95345652103424]::(255.0, 105.0, 114.0, 152.0)::(52.0, 7.0)->(0, 0)
[-18.4513835906982, 0.974479556083679, 2.25640201568604]::(255.0, 105.0, 114.0, 152.0)::(65.0, 7.0)->(0, 0)
[-18.9288673400879, 1.26127851009369, 2.28625273704529]::(255.0, 105.0, 114.0, 152.0)::(52.0, 7.0)->(0, 0)
[-18.9934940338135, 1.17351531982422, 2.21190929412842]::(255.0, 105.0, 114.0, 152.0)::(52.0, 7.0)->(0, 0)
[-19.1416187286377, 1.68483078479767, 2.23599576950073]::(255.0, 105.0, 114.0, 152.0)::(56.0, 7.0)->(0, 0)
[-19.0699920654297, 2.02683782577515, 2.010582447052]::(255.0, 105.0, 114.0, 152.0)::(56.0, 7.0)->(0, 0)
[-18.7360534667969, 1.47685837745667, 2.28938508033752]::(255.0, 105.0, 114.0, 152.0)::(56.0, 7.0)->(0, 0)
[-19.0916843414307, 2.15737366676331, 2.11373353004456]::(255.0, 105.0, 114.0, 152.0)::(56.0, 7.0)->(0, 0)
[-18.2956008911133, 0.39446559548378, 2.37837696075439]::(255.0, 105.0, 114.0, 152.0)::(66.0, 10.0)->(1, 0)
[-18.5144500732422, 0.388125479221344, 2.44376587867737]::(255.0, 105.0, 114.0, 152.0)::(66.0, 10.0)->(1, 0)
[-18.4570960998535, 0.488783329725266, 2.4401741027832]::(255.0, 105.0, 114.0, 152.0)::(66.0, 10.0)->(1, 0)
[-18.2841014862061, 0.402526319026947, 2.48813199996948]::(255.0, 105.0, 114.0, 152.0)::(66.0, 10.0)->(1, 0)
[-18.245418548584, 0.524133026599884, 2.3838050365448]::(255.0, 105.0, 114.0, 152.0)::(66.0, 10.0)->(1, 0)
[-18.3529567718506, 0.523821771144867, 2.46271204948425]::(255.0, 105.0, 114.0, 152.0)::(66.0, 10.0)->(1, 0)
[-17.6709308624268, 0.0360155627131462, 2.40132999420166]::(255.0, 105.0, 114.0, 152.0)::(66.0, 10.0)->(1, 0)
[-18.9959182739258, 0.402482211589813, 2.40057587623596]::(255.0, 105.0, 114.0, 152.0)::(66.0, 10.0)->(1, 0)
[-18.472188949585, 0.796748220920563, 2.46710753440857]::(255.0, 105.0, 114.0, 152.0)::(66.0, 10.0)->(1, 0)
[-18.0380115509033, 0.45944008231163, 2.40221095085144]::(255.0, 105.0, 114.0, 152.0)::(66.0, 10.0)->(1, 0)
[-18.5670509338379, 0.730243027210236, 2.43187785148621]::(255.0, 105.0, 114.0, 152.0)::(66.0, 10.0)->(1, 0)
[-17.9100742340088, 0.294073224067688, 2.68335509300232]::(255.0, 105.0, 114.0, 152.0)::(66.0, 10.0)->(1, 0)
[-18.0102043151855, 0.799378097057343, 2.31054425239563]::(255.0, 105.0, 114.0, 152.0)::(66.0, 10.0)->(1, 0)
[-17.9159717559814, 0.723870754241943, 2.33360838890076]::(255.0, 105.0, 114.0, 152.0)::(66.0, 10.0)->(1, 0)
[-18.0354080200195, 0.71528035402298, 2.45065808296204]::(255.0, 105.0, 114.0, 152.0)::(66.0, 10.0)->(1, 0)
[-18.1879425048828, 0.699255168437958, 2.44988226890564]::(255.0, 105.0, 114.0, 152.0)::(62.0, 10.0)->(1, 0)
[-18.240255355835, 1.03706967830658, 2.35372710227966]::(255.0, 105.0, 114.0, 152.0)::(66.0, 10.0)->(1, 0)
[-18.4557018280029, 0.901965439319611, 2.1486279964447]::(255.0, 105.0, 114.0, 152.0)::(66.0, 10.0)->(1, 0)
[-18.7292003631592, 0.671721756458282, 2.23743104934692]::(255.0, 105.0, 114.0, 152.0)::(66.0, 10.0)->(1, 0)
[-18.2563648223877, 0.188614681363106, 2.51017475128174]::(255.0, 105.0, 114.0, 152.0)::(66.0, 10.0)->(1, 0)
[-18.4543724060059, 0.241645187139511, 2.41216611862183]::(255.0, 105.0, 114.0, 152.0)::(66.0, 10.0)->(1, 0)
[-18.6610546112061, 0.930968880653381, 2.23935413360596]::(255.0, 105.0, 114.0, 152.0)::(66.0, 10.0)->(1, 0)
[-18.3991680145264, 0.375460535287857, 2.62853622436523]::(255.0, 105.0, 114.0, 152.0)::(66.0, 10.0)->(1, 0)
[-18.1270904541016, 0.462606579065323, 2.57973098754883]::(255.0, 105.0, 114.0, 152.0)::(66.0, 10.0)->(1, 0)
[-19.1240348815918, 0.582289040088654, 2.22736144065857]::(255.0, 105.0, 114.0, 152.0)::(66.0, 10.0)->(1, 0)
[-18.6630821228027, 0.293922424316406, 2.44073510169983]::(255.0, 105.0, 114.0, 152.0)::(66.0, 10.0)->(1, 0)
[-18.3186645507812, 0.904180884361267, 2.38520765304565]::(255.0, 105.0, 114.0, 152.0)::(66.0, 10.0)->(1, 0)
[-18.2559185028076, 0.483111768960953, 2.29833769798279]::(255.0, 105.0, 114.0, 152.0)::(66.0, 10.0)->(1, 0)
[-18.3084583282471, -0.0528378449380398, 2.55919361114502]::(255.0, 105.0, 114.0, 152.0)::(66.0, 10.0)->(1, 0)
[-18.6390762329102, 1.12181282043457, 2.46953272819519]::(255.0, 105.0, 114.0, 152.0)::(66.0, 10.0)->(1, 0)
[-18.1964340209961, 0.393000781536102, 2.53878426551819]::(255.0, 105.0, 114.0, 152.0)::(66.0, 10.0)->(1, 0)
[-18.5463790893555, 0.948998987674713, 2.29648423194885]::(255.0, 105.0, 114.0, 152.0)::(66.0, 10.0)->(1, 0)
[-18.5406646728516, 1.07628428936005, 2.36095023155212]::(255.0, 105.0, 114.0, 152.0)::(62.0, 10.0)->(1, 0)
[-18.4190559387207, 0.77892804145813, 2.47684192657471]::(255.0, 105.0, 114.0, 152.0)::(66.0, 10.0)->(1, 0)
[-17.9437351226807, 1.01493573188782, 2.47121381759644]::(255.0, 105.0, 114.0, 152.0)::(62.0, 10.0)->(1, 0)
[-17.8322486877441, 1.56755256652832, 2.23187255859375]::(255.0, 105.0, 114.0, 152.0)::(66.0, 10.0)->(1, 0)
[-17.9184474945068, 1.03895819187164, 2.42380356788635]::(255.0, 105.0, 114.0, 152.0)::(66.0, 10.0)->(1, 0)
[-17.9195709228516, 0.493902176618576, 2.62525629997253]::(255.0, 105.0, 114.0, 152.0)::(66.0, 10.0)->(1, 0)
[-18.2321491241455, 0.803371369838715, 2.08768582344055]::(255.0, 105.0, 114.0, 152.0)::(66.0, 10.0)->(1, 0)
[-18.3313503265381, 0.96945583820343, 2.36774635314941]::(255.0, 105.0, 114.0, 152.0)::(66.0, 10.0)->(1, 0)
[-17.9672794342041, 0.511522650718689, 2.28337335586548]::(255.0, 105.0, 114.0, 152.0)::(66.0, 10.0)->(1, 0)
[-18.5851783752441, -0.0321343913674355, 2.49301838874817]::(255.0, 105.0, 114.0, 152.0)::(66.0, 10.0)->(1, 0)
[-17.6368103027344, -0.0100477682426572, 2.58821821212769]::(255.0, 105.0, 114.0, 152.0)::(66.0, 10.0)->(1, 0)
[-18.5716857910156, 1.17710280418396, 2.06745719909668]::(255.0, 105.0, 114.0, 152.0)::(66.0, 10.0)->(1, 0)
[-17.6316356658936, 1.00625872612, 2.30638027191162]::(255.0, 105.0, 114.0, 152.0)::(66.0, 10.0)->(1, 0)
[-17.973783493042, 0.999338865280151, 2.22337126731873]::(255.0, 105.0, 114.0, 152.0)::(66.0, 10.0)->(1, 0)
[-17.8592624664307, 0.505538523197174, 2.4710419178009]::(255.0, 105.0, 114.0, 152.0)::(66.0, 10.0)->(1, 0)
[-17.9123115539551, 0.590257048606873, 2.49615383148193]::(255.0, 105.0, 114.0, 152.0)::(66.0, 10.0)->(1, 0)
[-18.0252857208252, 0.915291488170624, 2.46513319015503]::(255.0, 105.0, 114.0, 152.0)::(66.0, 10.0)->(1, 0)
[-17.9122352600098, 1.19442760944366, 2.22329354286194]::(255.0, 105.0, 114.0, 152.0)::(66.0, 10.0)->(1, 0)
[-18.0635871887207, 0.949251294136047, 2.28205585479736]::(255.0, 105.0, 114.0, 152.0)::(66.0, 10.0)->(1, 0)
[-18.0973243713379, 0.664413869380951, 2.49127221107483]::(255.0, 105.0, 114.0, 152.0)::(66.0, 10.0)->(1, 0)
[-18.1824188232422, 0.965182065963745, 2.36624693870544]::(255.0, 105.0, 114.0, 152.0)::(66.0, 10.0)->(1, 0)
[-17.635461807251, 1.01501178741455, 2.39475154876709]::(255.0, 105.0, 114.0, 152.0)::(66.0, 10.0)->(1, 0)
[-18.0694179534912, 0.80998021364212, 2.40827322006226]::(255.0, 105.0, 114.0, 152.0)::(66.0, 10.0)->(1, 0)
[-18.2338466644287, 0.798996269702911, 2.3136944770813]::(255.0, 105.0, 114.0, 152.0)::(66.0, 10.0)->(1, 0)
[-17.564058303833, 0.381023466587067, 2.43684768676758]::(255.0, 105.0, 114.0, 152.0)::(66.0, 10.0)->(1, 0)
[-17.3433704376221, 0.967554271221161, 2.45956826210022]::(255.0, 105.0, 114.0, 152.0)::(66.0, 10.0)->(1, 0)
[-17.7105617523193, 0.591566383838654, 2.31620454788208]::(255.0, 105.0, 114.0, 152.0)::(66.0, 10.0)->(1, 0)
[-18.2488670349121, -0.0593283176422119, 2.40799570083618]::(255.0, 105.0, 114.0, 152.0)::(62.0, 10.0)->(1, 0)
[-17.8232078552246, -0.0129331769421697, 2.53030586242676]::(255.0, 105.0, 114.0, 152.0)::(62.0, 10.0)->(1, 0)
[-18.2112522125244, 0.852211713790894, 2.22321343421936]::(255.0, 105.0, 114.0, 152.0)::(62.0, 10.0)->(1, 0)
[-18.4491767883301, 0.696002602577209, 2.41528820991516]::(255.0, 105.0, 114.0, 152.0)::(62.0, 10.0)->(1, 0)
[-18.2003421783447, 0.458689957857132, 2.47288751602173]::(255.0, 105.0, 114.0, 152.0)::(62.0, 10.0)->(1, 0)
[-18.5396022796631, 0.213233649730682, 2.52344751358032]::(255.0, 105.0, 114.0, 152.0)::(62.0, 10.0)->(1, 0)
[-18.0820846557617, 0.44930899143219, 2.35156488418579]::(255.0, 105.0, 114.0, 152.0)::(62.0, 10.0)->(1, 0)
[-17.9490718841553, 0.597552835941315, 2.37536263465881]::(255.0, 105.0, 114.0, 152.0)::(62.0, 10.0)->(1, 0)
[-18.2885856628418, 0.502026498317719, 2.18369722366333]::(255.0, 105.0, 114.0, 152.0)::(62.0, 10.0)->(1, 0)
[-18.2488269805908, 0.477095931768417, 2.3106632232666]::(255.0, 105.0, 114.0, 152.0)::(62.0, 10.0)->(1, 0)
[-17.2769908905029, -0.0744630396366119, 2.60655331611633]::(255.0, 105.0, 114.0, 152.0)::(62.0, 10.0)->(1, 0)
[-18.0260009765625, 0.848343670368195, 2.23420023918152]::(255.0, 105.0, 114.0, 152.0)::(62.0, 10.0)->(1, 0)
[-18.5654945373535, 0.889120697975159, 2.32072949409485]::(255.0, 105.0, 114.0, 152.0)::(62.0, 10.0)->(1, 0)
[-18.4954948425293, 0.468441486358643, 2.30425024032593]::(255.0, 105.0, 114.0, 152.0)::(62.0, 10.0)->(1, 0)
[-18.7127113342285, 0.483992159366608, 2.53040552139282]::(255.0, 105.0, 114.0, 152.0)::(62.0, 10.0)->(1, 0)
[-18.0406875610352, 0.286509960889816, 2.27023935317993]::(255.0, 105.0, 114.0, 152.0)::(62.0, 10.0)->(1, 0)
[-17.9317798614502, -0.169576168060303, 2.49562668800354]::(255.0, 105.0, 114.0, 152.0)::(62.0, 10.0)->(1, 0)
[-18.3297214508057, 0.0885099247097969, 2.38292741775513]::(255.0, 105.0, 114.0, 152.0)::(62.0, 10.0)->(1, 0)
[-17.7982139587402, 0.528328478336334, 2.26623797416687]::(255.0, 105.0, 114.0, 152.0)::(62.0, 10.0)->(1, 0)
[-17.4707546234131, 0.708440184593201, 2.45675802230835]::(255.0, 105.0, 114.0, 152.0)::(66.0, 10.0)->(1, 0)
[-18.69069480896, 0.00780818704515696, 2.6377739906311]::(255.0, 105.0, 114.0, 152.0)::(62.0, 10.0)->(1, 0)
[-17.9987487792969, 0.38974529504776, 2.59505152702332]::(255.0, 105.0, 114.0, 152.0)::(62.0, 10.0)->(1, 0)
[-17.4651203155518, 0.070362389087677, 2.43052101135254]::(255.0, 105.0, 114.0, 152.0)::(62.0, 10.0)->(1, 0)
[-18.0712375640869, 0.0620298981666565, 2.68119978904724]::(255.0, 105.0, 114.0, 152.0)::(62.0, 10.0)->(1, 0)
[-18.1604843139648, -0.287997245788574, 2.47622299194336]::(255.0, 105.0, 114.0, 152.0)::(62.0, 10.0)->(1, 0)
[-19.1496906280518, 0.820128500461578, 2.49662160873413]::(255.0, 105.0, 114.0, 152.0)::(62.0, 10.0)->(1, 0)
[-17.9033050537109, -0.327700704336166, 2.6788604259491]::(255.0, 105.0, 114.0, 152.0)::(62.0, 10.0)->(1, 0)
[-18.4195156097412, -0.55081170797348, 2.67587184906006]::(255.0, 105.0, 114.0, 152.0)::(62.0, 10.0)->(1, 0)
[-18.272481918335, -0.47472271323204, 2.50500297546387]::(255.0, 105.0, 114.0, 152.0)::(62.0, 10.0)->(1, 0)
[-18.1768913269043, -0.460537880659103, 2.45627403259277]::(255.0, 105.0, 114.0, 152.0)::(62.0, 10.0)->(1, 0)
[-18.187479019165, -0.612988889217377, 2.72538876533508]::(255.0, 105.0, 114.0, 152.0)::(62.0, 10.0)->(1, 0)
[-18.8387184143066, -0.796919345855713, 2.79406428337097]::(255.0, 105.0, 114.0, 152.0)::(100.0, 8.0)->(2, 0)
[-18.3439769744873, -0.358377695083618, 2.50755310058594]::(255.0, 105.0, 114.0, 152.0)::(88.0, 8.0)->(2, 0)
[-18.3145351409912, 0.491618603467941, 2.48655128479004]::(255.0, 105.0, 114.0, 152.0)::(88.0, 8.0)->(2, 0)
[-18.3386726379395, 0.658746838569641, 2.4938530921936]::(255.0, 105.0, 114.0, 152.0)::(88.0, 8.0)->(2, 0)
[-18.3412857055664, 0.400063723325729, 2.45872473716736]::(255.0, 105.0, 114.0, 152.0)::(88.0, 8.0)->(2, 0)
[-19.0040855407715, 0.0331516340374947, 2.6082124710083]::(255.0, 105.0, 114.0, 152.0)::(88.0, 8.0)->(2, 0)
[-18.1893138885498, 0.124276749789715, 2.56501364707947]::(255.0, 105.0, 114.0, 152.0)::(88.0, 8.0)->(2, 0)
[-18.0651702880859, 0.0836296379566193, 2.56366229057312]::(255.0, 105.0, 114.0, 152.0)::(88.0, 8.0)->(2, 0)
[-18.7544784545898, 0.0622744783759117, 2.4176824092865]::(255.0, 105.0, 114.0, 152.0)::(88.0, 8.0)->(2, 0)
[-18.6475353240967, -0.448589861392975, 2.5392324924469]::(255.0, 105.0, 114.0, 152.0)::(100.0, 8.0)->(2, 0)
[-18.2123870849609, 0.0368300639092922, 2.40569949150085]::(255.0, 105.0, 114.0, 152.0)::(88.0, 8.0)->(2, 0)
[-17.8589553833008, 0.434171319007874, 2.37385559082031]::(255.0, 105.0, 114.0, 152.0)::(88.0, 8.0)->(2, 0)
[-18.294225692749, 0.245793372392654, 2.28025984764099]::(255.0, 105.0, 114.0, 152.0)::(88.0, 8.0)->(2, 0)
[-18.5986843109131, 0.102173067629337, 2.30022430419922]::(255.0, 105.0, 114.0, 152.0)::(88.0, 8.0)->(2, 0)
[-19.0905590057373, -0.0422964319586754, 2.48311519622803]::(255.0, 105.0, 114.0, 152.0)::(88.0, 8.0)->(2, 0)
[-18.5884609222412, 0.16022227704525, 2.30089998245239]::(255.0, 105.0, 114.0, 152.0)::(100.0, 8.0)->(2, 0)
[-18.1200580596924, -0.339083135128021, 2.62439560890198]::(255.0, 105.0, 114.0, 152.0)::(88.0, 8.0)->(2, 0)
[-18.8985652923584, -0.220565289258957, 2.59295892715454]::(255.0, 105.0, 114.0, 152.0)::(88.0, 8.0)->(2, 0)
[-18.3891906738281, -0.391943037509918, 2.63958096504211]::(255.0, 105.0, 114.0, 152.0)::(88.0, 8.0)->(2, 0)
[-18.9563217163086, -0.175212740898132, 2.42074584960938]::(255.0, 105.0, 114.0, 152.0)::(92.0, 8.0)->(2, 0)
[-18.109016418457, 0.560960531234741, 2.47263789176941]::(255.0, 105.0, 114.0, 152.0)::(92.0, 8.0)->(2, 0)
[-17.7754898071289, 0.106773689389229, 2.62285447120667]::(255.0, 105.0, 114.0, 152.0)::(100.0, 8.0)->(2, 0)
[-17.5583667755127, -0.145850047469139, 2.49079489707947]::(255.0, 105.0, 114.0, 152.0)::(88.0, 8.0)->(2, 0)
[-17.9905815124512, 0.103022545576096, 2.25454187393188]::(255.0, 105.0, 114.0, 152.0)::(88.0, 8.0)->(2, 0)
[-18.8399429321289, -0.0701189041137695, 2.50385332107544]::(255.0, 105.0, 114.0, 152.0)::(100.0, 8.0)->(2, 0)
[-18.6467304229736, -0.0921892151236534, 2.72504019737244]::(255.0, 105.0, 114.0, 152.0)::(88.0, 8.0)->(2, 0)
[-17.9820079803467, 0.114731594920158, 2.64963555335999]::(255.0, 105.0, 114.0, 152.0)::(88.0, 8.0)->(2, 0)
[-18.1217670440674, -0.0665814206004143, 2.60323119163513]::(255.0, 105.0, 114.0, 152.0)::(88.0, 8.0)->(2, 0)
[-18.7316608428955, 0.121718600392342, 2.38542771339417]::(255.0, 105.0, 114.0, 152.0)::(88.0, 8.0)->(2, 0)
[-17.7536792755127, 0.0354272611439228, 2.50130224227905]::(255.0, 105.0, 114.0, 152.0)::(88.0, 8.0)->(2, 0)
[-18.4177856445312, 0.330540299415588, 2.26108527183533]::(255.0, 105.0, 114.0, 152.0)::(88.0, 8.0)->(2, 0)
[-18.1276416778564, 0.148841977119446, 2.44050264358521]::(255.0, 105.0, 114.0, 152.0)::(88.0, 8.0)->(2, 0)
[-18.2827014923096, 0.0622959285974503, 2.54249048233032]::(255.0, 105.0, 114.0, 152.0)::(88.0, 8.0)->(2, 0)
[-18.248010635376, 0.0470027811825275, 2.3974916934967]::(255.0, 105.0, 114.0, 152.0)::(88.0, 8.0)->(2, 0)
[-17.79176902771, 0.0243557877838612, 2.38178825378418]::(255.0, 105.0, 114.0, 152.0)::(88.0, 8.0)->(2, 0)
[-18.4797382354736, 0.135137125849724, 2.50907278060913]::(255.0, 105.0, 114.0, 152.0)::(88.0, 8.0)->(2, 0)
[-18.8927059173584, -0.737930655479431, 2.7606680393219]::(255.0, 105.0, 114.0, 152.0)::(88.0, 8.0)->(2, 0)
[-18.5824298858643, 0.165419146418571, 2.3914840221405]::(255.0, 105.0, 114.0, 152.0)::(88.0, 8.0)->(2, 0)
[-18.9450378417969, -0.0107850823551416, 2.72673368453979]::(255.0, 105.0, 114.0, 152.0)::(88.0, 8.0)->(2, 0)
[-19.0743999481201, -0.417985081672668, 2.54798865318298]::(255.0, 105.0, 114.0, 152.0)::(88.0, 8.0)->(2, 0)
[-19.2087459564209, 0.358745574951172, 2.47704124450684]::(255.0, 105.0, 114.0, 152.0)::(88.0, 8.0)->(2, 0)
[-19.6927719116211, 0.226922899484634, 2.2700982093811]::(255.0, 105.0, 114.0, 152.0)::(88.0, 8.0)->(2, 0)
[-19.7907772064209, 0.223117023706436, 2.38858985900879]::(255.0, 105.0, 114.0, 152.0)::(88.0, 8.0)->(2, 0)
[-17.9663581848145, 1.06615805625916, 2.30998063087463]::(255.0, 105.0, 114.0, 152.0)::(88.0, 8.0)->(2, 0)
[-18.9841766357422, 0.160986766219139, 2.32450294494629]::(255.0, 105.0, 114.0, 152.0)::(88.0, 8.0)->(2, 0)
[-17.9895172119141, 0.812593102455139, 2.24651575088501]::(255.0, 105.0, 114.0, 152.0)::(88.0, 8.0)->(2, 0)
[-18.516731262207, 0.657160997390747, 2.29051852226257]::(255.0, 105.0, 114.0, 152.0)::(88.0, 8.0)->(2, 0)
[-17.9660987854004, 0.840896487236023, 2.27466583251953]::(255.0, 105.0, 114.0, 152.0)::(88.0, 8.0)->(2, 0)
[-18.6303615570068, 0.472835332155228, 2.33843922615051]::(255.0, 105.0, 114.0, 152.0)::(88.0, 8.0)->(2, 0)
[-18.3132247924805, 0.104272156953812, 2.54059529304504]::(255.0, 105.0, 114.0, 152.0)::(88.0, 8.0)->(2, 0)
[-17.7033939361572, 0.574315845966339, 2.33134174346924]::(255.0, 105.0, 114.0, 152.0)::(88.0, 8.0)->(2, 0)
[-17.9369602203369, 0.165457218885422, 2.44212102890015]::(255.0, 105.0, 114.0, 152.0)::(88.0, 8.0)->(2, 0)
[-18.9098224639893, 0.0727133601903915, 2.47268557548523]::(255.0, 105.0, 114.0, 152.0)::(88.0, 8.0)->(2, 0)
[-19.0179004669189, 0.655032634735107, 2.16476941108704]::(255.0, 105.0, 114.0, 152.0)::(88.0, 8.0)->(2, 0)
[-18.5175762176514, 0.563555300235748, 2.34091949462891]::(255.0, 105.0, 114.0, 152.0)::(88.0, 8.0)->(2, 0)
[-18.2803707122803, 0.36864823102951, 2.38109946250916]::(255.0, 105.0, 114.0, 152.0)::(88.0, 8.0)->(2, 0)
[-18.7643032073975, 0.540278673171997, 2.51043391227722]::(255.0, 105.0, 114.0, 152.0)::(88.0, 8.0)->(2, 0)
[-17.9027557373047, 0.57457834482193, 2.38521528244019]::(255.0, 105.0, 114.0, 152.0)::(88.0, 8.0)->(2, 0)
[-18.4201679229736, 0.374496936798096, 2.47451186180115]::(255.0, 105.0, 114.0, 152.0)::(88.0, 8.0)->(2, 0)
[-18.4387531280518, 0.0301112625747919, 2.40798878669739]::(255.0, 105.0, 114.0, 152.0)::(88.0, 8.0)->(2, 0)
[-18.302864074707, 0.307356864213943, 2.34246182441711]::(255.0, 105.0, 114.0, 152.0)::(88.0, 8.0)->(2, 0)
[-18.4979667663574, 0.285060793161392, 2.28009843826294]::(255.0, 105.0, 114.0, 152.0)::(88.0, 8.0)->(2, 0)
[-18.8578338623047, 1.09161472320557, 2.28658485412598]::(255.0, 105.0, 114.0, 152.0)::(88.0, 8.0)->(2, 0)
[-17.685115814209, 0.522656381130219, 2.44090676307678]::(255.0, 105.0, 114.0, 152.0)::(88.0, 8.0)->(2, 0)
[-19.0655269622803, 0.422469407320023, 2.44301438331604]::(255.0, 105.0, 114.0, 152.0)::(88.0, 8.0)->(2, 0)
[-18.9627170562744, 0.263640999794006, 2.25861263275146]::(255.0, 105.0, 114.0, 152.0)::(88.0, 8.0)->(2, 0)
[-18.9535675048828, -0.108830250799656, 2.28527450561523]::(255.0, 105.0, 114.0, 152.0)::(88.0, 8.0)->(2, 0)
[-18.0567989349365, 0.212235078215599, 2.26974987983704]::(255.0, 105.0, 114.0, 152.0)::(88.0, 8.0)->(2, 0)
[-18.235481262207, 0.213002875447273, 2.25898599624634]::(255.0, 105.0, 114.0, 152.0)::(88.0, 8.0)->(2, 0)
[-18.9667549133301, 0.73883181810379, 2.16553235054016]::(255.0, 105.0, 114.0, 152.0)::(92.0, 8.0)->(2, 0)
[-19.1617126464844, 0.39969602227211, 2.15337944030762]::(255.0, 105.0, 114.0, 152.0)::(92.0, 8.0)->(2, 0)
[-19.1358261108398, 0.106778219342232, 2.46617913246155]::(255.0, 105.0, 114.0, 152.0)::(88.0, 8.0)->(2, 0)
[-19.2932376861572, 0.401377707719803, 2.51660084724426]::(255.0, 105.0, 114.0, 152.0)::(88.0, 8.0)->(2, 0)
[-18.5294094085693, 0.593379139900208, 2.43647789955139]::(255.0, 105.0, 114.0, 152.0)::(88.0, 8.0)->(2, 0)
[-18.211275100708, 0.479883134365082, 2.61886215209961]::(255.0, 105.0, 114.0, 152.0)::(84.0, 8.0)->(2, 0)
[-18.6197948455811, 0.505247473716736, 2.44463992118835]::(255.0, 105.0, 114.0, 152.0)::(88.0, 8.0)->(2, 0)
[-18.4548358917236, 0.955677926540375, 2.21923351287842]::(255.0, 105.0, 114.0, 152.0)::(88.0, 8.0)->(2, 0)
[-18.5788688659668, 1.10925042629242, 2.27141690254211]::(255.0, 105.0, 114.0, 152.0)::(88.0, 8.0)->(2, 0)
[-18.6451206207275, 0.696856558322906, 2.37205791473389]::(255.0, 105.0, 114.0, 152.0)::(88.0, 8.0)->(2, 0)
[-18.1835441589355, 0.677513122558594, 2.47413158416748]::(255.0, 105.0, 114.0, 152.0)::(88.0, 8.0)->(2, 0)
[-19.150842666626, 0.417154729366302, 2.2221417427063]::(255.0, 105.0, 114.0, 152.0)::(88.0, 8.0)->(2, 0)
[-18.5801906585693, 0.361702233552933, 2.3057553768158]::(255.0, 105.0, 114.0, 152.0)::(88.0, 8.0)->(2, 0)
[-18.522518157959, 0.461751222610474, 2.56495022773743]::(255.0, 105.0, 114.0, 152.0)::(96.0, 8.0)->(2, 0)
[-18.3131523132324, 0.615314245223999, 2.30184435844421]::(255.0, 105.0, 114.0, 152.0)::(88.0, 8.0)->(2, 0)
[-18.440450668335, 0.533836245536804, 2.31677889823914]::(255.0, 105.0, 114.0, 152.0)::(88.0, 8.0)->(2, 0)
[-18.6042556762695, 0.602442860603333, 2.33552122116089]::(255.0, 105.0, 114.0, 152.0)::(88.0, 8.0)->(2, 0)
[-19.3785762786865, 0.420082479715347, 2.37722730636597]::(255.0, 105.0, 114.0, 152.0)::(88.0, 8.0)->(2, 0)
[-18.5641326904297, 0.0257889293134212, 2.42464447021484]::(255.0, 105.0, 114.0, 152.0)::(88.0, 8.0)->(2, 0)
[-19.175012588501, 0.754531264305115, 2.20792150497437]::(255.0, 105.0, 114.0, 152.0)::(88.0, 8.0)->(2, 0)
[-18.6824474334717, 0.204393818974495, 2.33407139778137]::(255.0, 105.0, 114.0, 152.0)::(88.0, 8.0)->(2, 0)
[-18.7109565734863, 0.165131196379662, 2.27218270301819]::(255.0, 105.0, 114.0, 152.0)::(104.0, 8.0)->(3, 0)
[-18.251766204834, 0.117878474295139, 2.40525341033936]::(255.0, 105.0, 114.0, 152.0)::(104.0, 8.0)->(3, 0)
[-18.8836002349854, -0.348926723003387, 2.46747994422913]::(255.0, 105.0, 114.0, 152.0)::(100.0, 8.0)->(3, 0)
[-18.9083137512207, 0.737238109111786, 2.20221209526062]::(255.0, 105.0, 114.0, 152.0)::(108.0, 8.0)->(3, 0)
[-18.7115230560303, -0.0463555417954922, 2.40635395050049]::(255.0, 105.0, 114.0, 152.0)::(104.0, 8.0)->(3, 0)
[-18.5495567321777, -0.0519462898373604, 2.51402688026428]::(255.0, 105.0, 114.0, 152.0)::(108.0, 8.0)->(3, 0)
[-19.2902946472168, -1.06668841838837, 2.65655398368835]::(255.0, 105.0, 114.0, 152.0)::(104.0, 8.0)->(3, 0)
[-19.1198387145996, -0.0400410257279873, 2.40718388557434]::(255.0, 105.0, 114.0, 152.0)::(104.0, 8.0)->(3, 0)
[-19.0541934967041, -0.334262102842331, 2.37863922119141]::(255.0, 105.0, 114.0, 152.0)::(104.0, 8.0)->(3, 0)
[-19.2373008728027, 0.427386403083801, 2.30777907371521]::(255.0, 105.0, 114.0, 152.0)::(104.0, 8.0)->(3, 0)
[-19.3362922668457, 0.594637453556061, 2.23062968254089]::(255.0, 105.0, 114.0, 152.0)::(104.0, 8.0)->(3, 0)
[-19.1423645019531, 0.0163953080773354, 2.26053357124329]::(255.0, 105.0, 114.0, 152.0)::(104.0, 8.0)->(3, 0)
[-18.9074459075928, -0.161919802427292, 2.40917778015137]::(255.0, 105.0, 114.0, 152.0)::(100.0, 8.0)->(3, 0)
[-18.5865612030029, 0.314994364976883, 2.33850646018982]::(255.0, 105.0, 114.0, 152.0)::(108.0, 8.0)->(3, 0)
[-18.0970020294189, 0.171670705080032, 2.23791432380676]::(255.0, 105.0, 114.0, 152.0)::(104.0, 8.0)->(3, 0)
[-19.1098709106445, 0.0126782190054655, 2.39705038070679]::(255.0, 105.0, 114.0, 152.0)::(104.0, 8.0)->(3, 0)
[-19.2282695770264, 0.672550618648529, 2.26788115501404]::(255.0, 105.0, 114.0, 152.0)::(104.0, 8.0)->(3, 0)
[-19.4432048797607, 0.390787750482559, 2.36068391799927]::(255.0, 105.0, 114.0, 152.0)::(104.0, 8.0)->(3, 0)
[-19.1638641357422, -0.215260773897171, 2.3950469493866]::(255.0, 105.0, 114.0, 152.0)::(104.0, 8.0)->(3, 0)
[-19.5456943511963, 0.427863150835037, 2.38591814041138]::(255.0, 105.0, 114.0, 152.0)::(100.0, 8.0)->(3, 0)
[-18.6324234008789, 0.383583307266235, 2.19667148590088]::(255.0, 105.0, 114.0, 152.0)::(104.0, 8.0)->(3, 0)
[-18.8319320678711, 0.444388687610626, 2.26615762710571]::(255.0, 105.0, 114.0, 152.0)::(104.0, 8.0)->(3, 0)
[-19.6748657226562, 0.0494929440319538, 2.33397245407104]::(255.0, 105.0, 114.0, 152.0)::(104.0, 8.0)->(3, 0)
[-19.0808601379395, 0.321193367242813, 2.39123010635376]::(255.0, 105.0, 114.0, 152.0)::(108.0, 8.0)->(3, 0)
[-18.1694412231445, 0.107911296188831, 2.34393763542175]::(255.0, 105.0, 114.0, 152.0)::(104.0, 8.0)->(3, 0)
[-19.294319152832, 0.0556406006217003, 2.39631199836731]::(255.0, 105.0, 114.0, 152.0)::(104.0, 8.0)->(3, 0)
[-18.0784187316895, 0.120782971382141, 2.3442542552948]::(255.0, 105.0, 114.0, 152.0)::(104.0, 8.0)->(3, 0)
[-18.6800994873047, -0.243472665548325, 2.51513123512268]::(255.0, 105.0, 114.0, 152.0)::(104.0, 8.0)->(3, 0)
[-18.2154369354248, -0.0254355724900961, 2.35651516914368]::(255.0, 105.0, 114.0, 152.0)::(108.0, 8.0)->(3, 0)
[-18.9308223724365, 0.237591221928596, 2.41282820701599]::(255.0, 105.0, 114.0, 152.0)::(100.0, 8.0)->(3, 0)
[-19.4192752838135, -0.365286588668823, 2.44269108772278]::(255.0, 105.0, 114.0, 152.0)::(108.0, 8.0)->(3, 0)
[-18.8101673126221, 0.232609540224075, 2.25276327133179]::(255.0, 105.0, 114.0, 152.0)::(104.0, 8.0)->(3, 0)
[-18.6518592834473, 0.54046094417572, 2.22732186317444]::(255.0, 105.0, 114.0, 152.0)::(108.0, 8.0)->(3, 0)
[-18.8472366333008, 0.181590050458908, 2.32756447792053]::(255.0, 105.0, 114.0, 152.0)::(108.0, 8.0)->(3, 0)
[-18.3173294067383, -0.0163057688623667, 2.40400719642639]::(255.0, 105.0, 114.0, 152.0)::(104.0, 8.0)->(3, 0)
[-18.1983165740967, -0.223712861537933, 2.34787487983704]::(255.0, 105.0, 114.0, 152.0)::(104.0, 8.0)->(3, 0)
[-19.1047382354736, 0.362919420003891, 2.20150828361511]::(255.0, 105.0, 114.0, 152.0)::(104.0, 8.0)->(3, 0)
[-19.4488143920898, 0.341877639293671, 2.3169150352478]::(255.0, 105.0, 114.0, 152.0)::(104.0, 8.0)->(3, 0)
[-18.704402923584, -0.0263114906847477, 2.60243630409241]::(255.0, 105.0, 114.0, 152.0)::(104.0, 8.0)->(3, 0)
[-19.0584373474121, -0.154614642262459, 2.23544502258301]::(255.0, 105.0, 114.0, 152.0)::(104.0, 8.0)->(3, 0)
[-19.0609664916992, 0.605295360088348, 2.27281975746155]::(255.0, 105.0, 114.0, 152.0)::(104.0, 8.0)->(3, 0)
[-19.3982334136963, -0.256585270166397, 2.49657392501831]::(255.0, 105.0, 114.0, 152.0)::(104.0, 8.0)->(3, 0)
[-18.8283634185791, -0.288723915815353, 2.72118830680847]::(255.0, 105.0, 114.0, 152.0)::(104.0, 8.0)->(3, 0)
[-18.8537120819092, 0.249702349305153, 2.40264344215393]::(255.0, 105.0, 114.0, 152.0)::(100.0, 8.0)->(3, 0)
[-19.0646114349365, -0.103887051343918, 2.57139134407043]::(255.0, 105.0, 114.0, 152.0)::(104.0, 8.0)->(3, 0)
[-18.6333675384521, 0.349402666091919, 2.2715916633606]::(255.0, 105.0, 114.0, 152.0)::(100.0, 8.0)->(3, 0)
[-18.5811805725098, -0.783801317214966, 2.59842467308044]::(255.0, 105.0, 114.0, 152.0)::(100.0, 8.0)->(3, 0)
[-18.2537574768066, -0.0714451596140862, 2.50659012794495]::(255.0, 105.0, 114.0, 152.0)::(116.0, 8.0)->(3, 0)
[-18.6495342254639, -0.184744298458099, 2.44165730476379]::(255.0, 105.0, 114.0, 152.0)::(104.0, 8.0)->(3, 0)
[-18.7900886535645, 0.16632516682148, 2.33652830123901]::(255.0, 105.0, 114.0, 152.0)::(104.0, 8.0)->(3, 0)
[-18.9172191619873, 0.245378762483597, 2.43734669685364]::(255.0, 105.0, 114.0, 152.0)::(108.0, 8.0)->(3, 0)
[-19.0316886901855, 0.0496814958751202, 2.50846934318542]::(255.0, 105.0, 114.0, 152.0)::(108.0, 8.0)->(3, 0)
[-18.847957611084, 0.654548823833466, 2.21927666664124]::(255.0, 105.0, 114.0, 152.0)::(104.0, 8.0)->(3, 0)
[-19.1387214660645, 0.19259175658226, 2.26109719276428]::(255.0, 105.0, 114.0, 152.0)::(104.0, 8.0)->(3, 0)
[-18.1463489532471, -0.0678670927882195, 2.49906516075134]::(255.0, 105.0, 114.0, 152.0)::(104.0, 8.0)->(3, 0)
[-18.9911212921143, 0.396424680948257, 2.39380097389221]::(255.0, 105.0, 114.0, 152.0)::(104.0, 8.0)->(3, 0)
[-19.3590469360352, 0.04281360283494, 2.33463048934937]::(255.0, 105.0, 114.0, 152.0)::(104.0, 8.0)->(3, 0)
[-18.6664447784424, -0.0897295624017715, 2.47556138038635]::(255.0, 105.0, 114.0, 152.0)::(104.0, 8.0)->(3, 0)
[-19.3075122833252, 0.0902500227093697, 2.15548086166382]::(255.0, 105.0, 114.0, 152.0)::(104.0, 8.0)->(3, 0)
[-18.8586826324463, 0.311497092247009, 2.36670136451721]::(255.0, 105.0, 114.0, 152.0)::(108.0, 8.0)->(3, 0)
[-18.8952388763428, -0.228891596198082, 2.52865695953369]::(255.0, 105.0, 114.0, 152.0)::(108.0, 8.0)->(3, 0)
[-18.934591293335, -0.662157416343689, 2.54032421112061]::(255.0, 105.0, 114.0, 152.0)::(108.0, 8.0)->(3, 0)
[-18.8021430969238, -0.226579546928406, 2.3987877368927]::(255.0, 105.0, 114.0, 152.0)::(108.0, 8.0)->(3, 0)
[-18.2995223999023, 0.0941119939088821, 2.4211597442627]::(255.0, 105.0, 114.0, 152.0)::(108.0, 8.0)->(3, 0)
[-18.9257659912109, 0.0251561477780342, 2.34880757331848]::(255.0, 105.0, 114.0, 152.0)::(108.0, 8.0)->(3, 0)
[-18.5992565155029, 0.325977981090546, 2.46549773216248]::(255.0, 105.0, 114.0, 152.0)::(108.0, 8.0)->(3, 0)
[-18.8156700134277, 0.0673973560333252, 2.36477136611938]::(255.0, 105.0, 114.0, 152.0)::(104.0, 8.0)->(3, 0)
[-18.8018321990967, 0.325195372104645, 2.46549224853516]::(255.0, 105.0, 114.0, 152.0)::(108.0, 8.0)->(3, 0)
[-18.4108695983887, 0.0977581739425659, 2.29090857505798]::(255.0, 105.0, 114.0, 152.0)::(108.0, 8.0)->(3, 0)
[-18.3996410369873, -0.0315787941217422, 2.46456027030945]::(255.0, 105.0, 114.0, 152.0)::(108.0, 8.0)->(3, 0)
[-18.4616775512695, 0.0355638638138771, 2.49018931388855]::(255.0, 105.0, 114.0, 152.0)::(108.0, 8.0)->(3, 0)
[-18.2219467163086, 0.643825590610504, 2.32602977752686]::(255.0, 105.0, 114.0, 152.0)::(108.0, 8.0)->(3, 0)
[-18.7220478057861, 0.550127565860748, 2.14407920837402]::(255.0, 105.0, 114.0, 152.0)::(108.0, 8.0)->(3, 0)
[-18.4927768707275, 0.514143824577332, 2.19210815429688]::(255.0, 105.0, 114.0, 152.0)::(108.0, 8.0)->(3, 0)
[-18.9628219604492, 0.623571276664734, 2.2353196144104]::(255.0, 105.0, 114.0, 152.0)::(116.0, 8.0)->(3, 0)
[-18.3042831420898, 0.0268454998731613, 2.5506443977356]::(255.0, 105.0, 114.0, 152.0)::(116.0, 8.0)->(3, 0)
[-18.7822494506836, -0.0349704138934612, 2.44314789772034]::(255.0, 105.0, 114.0, 152.0)::(104.0, 8.0)->(3, 0)
[-18.5979290008545, 0.345100104808807, 2.33001899719238]::(255.0, 105.0, 114.0, 152.0)::(104.0, 8.0)->(3, 0)
[-18.0816230773926, -0.0191533453762531, 2.48229455947876]::(255.0, 105.0, 114.0, 152.0)::(100.0, 8.0)->(3, 0)
[-18.5988788604736, -0.574444532394409, 2.49859499931335]::(255.0, 105.0, 114.0, 152.0)::(104.0, 8.0)->(3, 0)
[-18.9803714752197, 0.482331037521362, 1.9798721075058]::(255.0, 105.0, 114.0, 152.0)::(104.0, 8.0)->(3, 0)
[-18.4932060241699, 0.709920048713684, 2.3063759803772]::(255.0, 105.0, 114.0, 152.0)::(104.0, 8.0)->(3, 0)
[-18.3875961303711, 0.333359241485596, 2.38159322738647]::(255.0, 105.0, 114.0, 152.0)::(104.0, 8.0)->(3, 0)
[-17.9552402496338, 0.216060072183609, 2.45404362678528]::(255.0, 105.0, 114.0, 152.0)::(100.0, 8.0)->(3, 0)
[-18.4074897766113, 0.0678013265132904, 2.41656255722046]::(255.0, 105.0, 114.0, 152.0)::(100.0, 8.0)->(3, 0)
[-18.0972747802734, -0.159572839736938, 2.46375775337219]::(255.0, 105.0, 114.0, 152.0)::(100.0, 8.0)->(3, 0)
[-18.6023292541504, -0.166971579194069, 2.20951724052429]::(255.0, 105.0, 114.0, 152.0)::(100.0, 8.0)->(3, 0)
[-17.7902545928955, 0.0351784378290176, 2.36941027641296]::(255.0, 105.0, 114.0, 152.0)::(100.0, 8.0)->(3, 0)
[-18.2749118804932, -0.0768487229943275, 2.5943078994751]::(255.0, 105.0, 114.0, 152.0)::(100.0, 8.0)->(3, 0)
[-18.8217926025391, 0.500647068023682, 2.16419267654419]::(255.0, 105.0, 114.0, 152.0)::(100.0, 8.0)->(3, 0)
[-18.0811920166016, -0.21800597012043, 2.536789894104]::(255.0, 105.0, 114.0, 152.0)::(120.0, 8.0)->(4, 0)
[-17.9045257568359, -0.65014123916626, 2.48191714286804]::(255.0, 105.0, 114.0, 152.0)::(116.0, 8.0)->(4, 0)
[-18.6472644805908, -0.496577441692352, 2.52593636512756]::(255.0, 105.0, 114.0, 152.0)::(120.0, 8.0)->(4, 0)
[-18.4337787628174, -0.461479187011719, 2.45790004730225]::(255.0, 105.0, 114.0, 152.0)::(120.0, 8.0)->(4, 0)
[-18.4229297637939, -0.164820298552513, 2.29196667671204]::(255.0, 105.0, 114.0, 152.0)::(120.0, 8.0)->(4, 0)
[-18.4890041351318, 0.0794844850897789, 2.56378436088562]::(255.0, 105.0, 114.0, 152.0)::(120.0, 8.0)->(4, 0)
[-17.7826271057129, -0.704428732395172, 2.74860000610352]::(255.0, 105.0, 114.0, 152.0)::(116.0, 8.0)->(4, 0)
[-18.9567031860352, -0.0751520022749901, 2.50202035903931]::(255.0, 105.0, 114.0, 152.0)::(120.0, 8.0)->(4, 0)
[-18.5523815155029, -0.450386136770248, 2.6055018901825]::(255.0, 105.0, 114.0, 152.0)::(116.0, 8.0)->(4, 0)
[-18.7469787597656, -0.664767622947693, 2.36909627914429]::(255.0, 105.0, 114.0, 152.0)::(120.0, 8.0)->(4, 0)
[-18.7189903259277, -0.0917706787586212, 2.35547614097595]::(255.0, 105.0, 114.0, 152.0)::(125.0, 8.0)->(4, 0)
[-18.9717693328857, -0.27237930893898, 2.55988764762878]::(255.0, 105.0, 114.0, 152.0)::(120.0, 8.0)->(4, 0)
[-18.1540069580078, -0.162878647446632, 2.4792218208313]::(255.0, 105.0, 114.0, 152.0)::(120.0, 8.0)->(4, 0)
[-18.4047737121582, -0.265143305063248, 2.3185703754425]::(255.0, 105.0, 114.0, 152.0)::(112.0, 8.0)->(4, 0)
[-18.6141738891602, 0.0267854686826468, 2.45129942893982]::(255.0, 105.0, 114.0, 152.0)::(120.0, 8.0)->(4, 0)
[-18.3186931610107, 0.06173000857234, 2.40462136268616]::(255.0, 105.0, 114.0, 152.0)::(112.0, 8.0)->(4, 0)
[-18.2474918365479, -0.119157291948795, 2.59921598434448]::(255.0, 105.0, 114.0, 152.0)::(125.0, 8.0)->(4, 0)
[-19.1098899841309, -0.723266899585724, 2.55914425849915]::(255.0, 105.0, 114.0, 152.0)::(116.0, 8.0)->(4, 0)
[-17.660852432251, -0.727186143398285, 2.57363820075989]::(255.0, 105.0, 114.0, 152.0)::(120.0, 8.0)->(4, 0)
[-18.4133548736572, -0.679709017276764, 2.4130585193634]::(255.0, 105.0, 114.0, 152.0)::(116.0, 8.0)->(4, 0)
[-17.9827709197998, -0.394543200731277, 2.43140888214111]::(255.0, 105.0, 114.0, 152.0)::(120.0, 8.0)->(4, 0)
[-18.3761310577393, -0.779555559158325, 2.62261414527893]::(255.0, 105.0, 114.0, 152.0)::(125.0, 8.0)->(4, 0)
[-18.7811069488525, -0.00180629151873291, 2.45131492614746]::(255.0, 105.0, 114.0, 152.0)::(125.0, 8.0)->(4, 0)
[-18.6374340057373, -0.0844700261950493, 2.57946443557739]::(255.0, 105.0, 114.0, 152.0)::(125.0, 8.0)->(4, 0)
[-18.1344451904297, -0.897570967674255, 2.57055020332336]::(255.0, 105.0, 114.0, 152.0)::(125.0, 8.0)->(4, 0)
[-18.4157867431641, 0.0307429227977991, 2.31083178520203]::(255.0, 105.0, 114.0, 152.0)::(120.0, 8.0)->(4, 0)
[-19.2390213012695, -0.808704912662506, 2.5268657207489]::(255.0, 105.0, 114.0, 152.0)::(125.0, 8.0)->(4, 0)
[-17.6897659301758, -0.220356941223145, 2.4193696975708]::(255.0, 105.0, 114.0, 152.0)::(125.0, 8.0)->(4, 0)
[-18.0582504272461, 0.0289179533720016, 2.47505855560303]::(255.0, 105.0, 114.0, 152.0)::(129.0, 8.0)->(4, 0)
[-18.4041233062744, 0.00335194217041135, 2.48078203201294]::(255.0, 105.0, 114.0, 152.0)::(125.0, 8.0)->(4, 0)
[-19.0315990447998, -0.208674937486649, 2.51649832725525]::(255.0, 105.0, 114.0, 152.0)::(129.0, 8.0)->(4, 0)
[-17.956090927124, 0.443037182092667, 2.46752762794495]::(255.0, 105.0, 114.0, 152.0)::(129.0, 8.0)->(4, 0)
[-17.4515228271484, -0.0786702558398247, 2.59293031692505]::(255.0, 105.0, 114.0, 152.0)::(129.0, 8.0)->(4, 0)
[-18.3435726165771, -0.326794147491455, 2.38708305358887]::(255.0, 105.0, 114.0, 152.0)::(129.0, 8.0)->(4, 0)
[-17.2688465118408, -0.156127244234085, 2.76260495185852]::(255.0, 105.0, 114.0, 152.0)::(129.0, 8.0)->(4, 0)
[-19.4304161071777, -0.230531513690948, 2.44750046730042]::(255.0, 105.0, 114.0, 152.0)::(129.0, 8.0)->(4, 0)
[-17.7534122467041, -0.0817226842045784, 2.46662497520447]::(255.0, 105.0, 114.0, 152.0)::(129.0, 8.0)->(4, 0)
[-18.9270305633545, -0.330672204494476, 2.40596985816956]::(255.0, 105.0, 114.0, 152.0)::(120.0, 8.0)->(4, 0)
[-18.5669727325439, -0.398189008235931, 2.46132612228394]::(255.0, 105.0, 114.0, 152.0)::(120.0, 8.0)->(4, 0)
[-18.6867198944092, -0.193121001124382, 2.30719876289368]::(255.0, 105.0, 114.0, 152.0)::(120.0, 8.0)->(4, 0)
[-17.9784393310547, -0.579055547714233, 2.58550214767456]::(255.0, 105.0, 114.0, 152.0)::(129.0, 8.0)->(4, 0)
[-18.2846393585205, -0.114408522844315, 2.14993858337402]::(255.0, 105.0, 114.0, 152.0)::(120.0, 8.0)->(4, 0)
[-18.2049560546875, -0.4082972407341, 2.62958574295044]::(255.0, 105.0, 114.0, 152.0)::(120.0, 8.0)->(4, 0)
[-17.7408275604248, -0.159096330404282, 2.42264604568481]::(255.0, 105.0, 114.0, 152.0)::(125.0, 8.0)->(4, 0)
[-18.0221195220947, -0.0537427887320518, 2.36133575439453]::(255.0, 105.0, 114.0, 152.0)::(120.0, 8.0)->(4, 0)
[-17.4818687438965, -0.279303938150406, 2.3271951675415]::(255.0, 105.0, 114.0, 152.0)::(125.0, 8.0)->(4, 0)
[-17.9467277526855, -0.476396888494492, 2.4300479888916]::(255.0, 105.0, 114.0, 152.0)::(125.0, 8.0)->(4, 0)
[-18.2285480499268, -0.25816398859024, 2.25724124908447]::(255.0, 105.0, 114.0, 152.0)::(125.0, 8.0)->(4, 0)
[-18.645622253418, -0.0695066154003143, 2.49157691001892]::(255.0, 105.0, 114.0, 152.0)::(125.0, 8.0)->(4, 0)
[-18.4631423950195, -0.144932076334953, 2.62251281738281]::(255.0, 105.0, 114.0, 152.0)::(125.0, 8.0)->(4, 0)
[-17.8409156799316, -0.313836246728897, 2.35539436340332]::(255.0, 105.0, 114.0, 152.0)::(125.0, 8.0)->(4, 0)
[-18.6537227630615, 0.0274412203580141, 2.50346422195435]::(255.0, 105.0, 114.0, 152.0)::(125.0, 8.0)->(4, 0)
[-18.0418281555176, 0.0729767754673958, 2.60729098320007]::(255.0, 105.0, 114.0, 152.0)::(116.0, 8.0)->(4, 0)
[-18.7792091369629, -0.732226967811584, 2.54625797271729]::(255.0, 105.0, 114.0, 152.0)::(112.0, 8.0)->(4, 0)
[-18.591100692749, -0.0929705202579498, 2.38596105575562]::(255.0, 105.0, 114.0, 152.0)::(120.0, 8.0)->(4, 0)
[-18.0491352081299, 0.0807889476418495, 2.36564254760742]::(255.0, 105.0, 114.0, 152.0)::(120.0, 8.0)->(4, 0)
[-18.4672565460205, -0.248553469777107, 2.3877911567688]::(255.0, 105.0, 114.0, 152.0)::(120.0, 8.0)->(4, 0)
[-17.837329864502, -0.235336884856224, 2.44828319549561]::(255.0, 105.0, 114.0, 152.0)::(125.0, 8.0)->(4, 0)
[-18.2286128997803, -0.982322931289673, 2.48221254348755]::(255.0, 105.0, 114.0, 152.0)::(125.0, 8.0)->(4, 0)
[-18.2238826751709, -0.205368116497993, 2.45416879653931]::(255.0, 105.0, 114.0, 152.0)::(125.0, 8.0)->(4, 0)
[-19.1898708343506, -0.233002856373787, 2.52824330329895]::(255.0, 105.0, 114.0, 152.0)::(125.0, 8.0)->(4, 0)
[-18.4666080474854, -0.750165104866028, 2.30084824562073]::(255.0, 105.0, 114.0, 152.0)::(125.0, 8.0)->(4, 0)
[-17.8808116912842, -0.69979590177536, 2.63717555999756]::(255.0, 105.0, 114.0, 152.0)::(125.0, 8.0)->(4, 0)
[-18.4117107391357, -0.571003317832947, 2.68072724342346]::(255.0, 105.0, 114.0, 152.0)::(125.0, 8.0)->(4, 0)
[-18.3188381195068, -0.137346252799034, 2.30916047096252]::(255.0, 105.0, 114.0, 152.0)::(125.0, 8.0)->(4, 0)
[-17.930196762085, -0.783071041107178, 2.58287596702576]::(255.0, 105.0, 114.0, 152.0)::(125.0, 8.0)->(4, 0)
[-18.6966361999512, -0.455621212720871, 2.54085683822632]::(255.0, 105.0, 114.0, 152.0)::(120.0, 8.0)->(4, 0)
[-18.747953414917, 0.0519812144339085, 2.55060195922852]::(255.0, 105.0, 114.0, 152.0)::(125.0, 8.0)->(4, 0)
[-18.8351726531982, 0.18385337293148, 2.54429602622986]::(255.0, 105.0, 114.0, 152.0)::(125.0, 8.0)->(4, 0)
[-18.2904815673828, -0.535482585430145, 2.46891641616821]::(255.0, 105.0, 114.0, 152.0)::(125.0, 8.0)->(4, 0)
[-18.3703556060791, -0.421170324087143, 2.62835168838501]::(255.0, 105.0, 114.0, 152.0)::(125.0, 8.0)->(4, 0)
[-18.8163585662842, -0.299472332000732, 2.49234700202942]::(255.0, 105.0, 114.0, 152.0)::(125.0, 8.0)->(4, 0)
[-18.7875518798828, -0.47059965133667, 2.40165853500366]::(255.0, 105.0, 114.0, 152.0)::(125.0, 8.0)->(4, 0)
[-18.9343509674072, -0.0214167796075344, 2.57348966598511]::(255.0, 105.0, 114.0, 152.0)::(125.0, 8.0)->(4, 0)
[-17.7878360748291, 0.18801449239254, 2.46263694763184]::(255.0, 105.0, 114.0, 152.0)::(129.0, 8.0)->(4, 0)
[-18.1079902648926, 0.837412714958191, 2.23938179016113]::(255.0, 105.0, 114.0, 152.0)::(129.0, 8.0)->(4, 0)
[-18.8896980285645, -0.598470032215118, 2.42008447647095]::(255.0, 105.0, 114.0, 152.0)::(125.0, 8.0)->(4, 0)
[-17.5984554290771, -0.189422622323036, 2.29664611816406]::(255.0, 105.0, 114.0, 152.0)::(129.0, 8.0)->(4, 0)
[-18.0424556732178, -0.417416453361511, 2.51345324516296]::(255.0, 105.0, 114.0, 152.0)::(129.0, 8.0)->(4, 0)
[-18.2399291992188, -0.267085909843445, 2.48999571800232]::(255.0, 105.0, 114.0, 152.0)::(125.0, 8.0)->(4, 0)
[-18.6988182067871, -0.184094071388245, 2.2519166469574]::(255.0, 105.0, 114.0, 152.0)::(129.0, 8.0)->(4, 0)
[-18.7443675994873, -0.0337105095386505, 2.20743036270142]::(255.0, 105.0, 114.0, 152.0)::(125.0, 8.0)->(4, 0)
[-18.642749786377, 0.00739938952028751, 2.28676986694336]::(255.0, 105.0, 114.0, 152.0)::(125.0, 8.0)->(4, 0)
[-18.1359100341797, -0.377009481191635, 2.44536280632019]::(255.0, 105.0, 114.0, 152.0)::(125.0, 8.0)->(4, 0)
[-18.7996082305908, 0.136271774768829, 2.34150362014771]::(255.0, 105.0, 114.0, 152.0)::(125.0, 8.0)->(4, 0)
[-18.2305736541748, -0.0643500536680222, 2.36975860595703]::(255.0, 105.0, 114.0, 152.0)::(120.0, 8.0)->(4, 0)
[-18.3591899871826, -0.302832990884781, 2.3451201915741]::(255.0, 105.0, 114.0, 152.0)::(125.0, 8.0)->(4, 0)
[-18.0874004364014, 0.0881906077265739, 2.33050203323364]::(255.0, 105.0, 114.0, 152.0)::(120.0, 8.0)->(4, 0)
[-18.2654609680176, 0.272456675767899, 2.24536347389221]::(255.0, 105.0, 114.0, 152.0)::(120.0, 8.0)->(4, 0)
[-18.8473625183105, -0.224788576364517, 2.30336165428162]::(255.0, 105.0, 114.0, 152.0)::(120.0, 8.0)->(4, 0)
