[-16.7249889373779, 9.92555332183838, 0.492571890354156]::(238.0, 77.0, 148.0, 197.0)::(48.0, 9.0)->(0, 0)
[-16.5926208496094, 10.1528339385986, 0.563726365566254]::(238.0, 77.0, 148.0, 197.0)::(48.0, 9.0)->(0, 0)
[-16.8784008026123, 10.2018070220947, 0.427754700183868]::(238.0, 77.0, 148.0, 197.0)::(48.0, 9.0)->(0, 0)
[-16.8722305297852, 9.82243537902832, 0.300096690654755]::(238.0, 77.0, 148.0, 197.0)::(48.0, 9.0)->(0, 0)
[-17.8790607452393, 9.25264263153076, 0.428003042936325]::(238.0, 77.0, 148.0, 197.0)::(48.0, 9.0)->(0, 0)
[-17.6491527557373, 10.3743114471436, 0.347095608711243]::(238.0, 77.0, 148.0, 197.0)::(48.0, 9.0)->(0, 0)
[-16.5773258209229, 9.70452880859375, 0.580720007419586]::(238.0, 77.0, 148.0, 197.0)::(48.0, 9.0)->(0, 0)
[-16.9025287628174, 10.472749710083, 0.60051304101944]::(238.0, 77.0, 148.0, 197.0)::(48.0, 9.0)->(0, 0)
[-16.8855495452881, 9.43759822845459, 0.633660912513733]::(238.0, 77.0, 148.0, 197.0)::(48.0, 9.0)->(0, 0)
[-17.840202331543, 9.57248783111572, 0.327558249235153]::(238.0, 77.0, 148.0, 197.0)::(48.0, 9.0)->(0, 0)
[-17.050256729126, 9.48613166809082, 0.374930799007416]::(238.0, 77.0, 148.0, 197.0)::(48.0, 9.0)->(0, 0)
[-16.9470863342285, 9.57813453674316, 0.515033841133118]::(238.0, 77.0, 148.0, 197.0)::(48.0, 9.0)->(0, 0)
[-17.7583675384521, 10.0916738510132, 0.240406259894371]::(238.0, 77.0, 148.0, 197.0)::(48.0, 9.0)->(0, 0)
[-16.6399593353271, 9.82455062866211, 0.458684504032135]::(238.0, 77.0, 148.0, 197.0)::(48.0, 9.0)->(0, 0)
[-17.1024589538574, 9.66372871398926, 0.46665832400322]::(238.0, 77.0, 148.0, 197.0)::(48.0, 9.0)->(0, 0)
[-17.6089115142822, 10.3097877502441, 0.513799250125885]::(238.0, 77.0, 148.0, 197.0)::(48.0, 9.0)->(0, 0)
[-18.127103805542, 10.1436500549316, 0.429101556539536]::(238.0, 77.0, 148.0, 197.0)::(48.0, 9.0)->(0, 0)
[-17.5193424224854, 9.7529411315918, 0.556139707565308]::(238.0, 77.0, 148.0, 197.0)::(48.0, 9.0)->(0, 0)
[-17.8164482116699, 10.6733198165894, 0.164431303739548]::(238.0, 77.0, 148.0, 197.0)::(48.0, 9.0)->(0, 0)
[-17.1286964416504, 9.56865787506104, 0.565134048461914]::(238.0, 77.0, 148.0, 197.0)::(48.0, 9.0)->(0, 0)
[-16.2769889831543, 10.0682582855225, 0.643243134021759]::(238.0, 77.0, 148.0, 197.0)::(48.0, 9.0)->(0, 0)
[-17.3214797973633, 10.1434841156006, 0.407975107431412]::(238.0, 77.0, 148.0, 197.0)::(48.0, 9.0)->(0, 0)
[-17.7447662353516, 9.70215320587158, 0.439465522766113]::(238.0, 77.0, 148.0, 197.0)::(48.0, 9.0)->(0, 0)
[-17.6827831268311, 10.0237445831299, 0.428208112716675]::(238.0, 77.0, 148.0, 197.0)::(48.0, 9.0)->(0, 0)
[-17.0043182373047, 10.0947542190552, 0.657546818256378]::(238.0, 77.0, 148.0, 197.0)::(48.0, 9.0)->(0, 0)
[-17.9831924438477, 9.88397979736328, 0.463858485221863]::(238.0, 77.0, 148.0, 197.0)::(48.0, 9.0)->(0, 0)
[-17.4777488708496, 10.5976324081421, 0.219411164522171]::(238.0, 77.0, 148.0, 197.0)::(48.0, 9.0)->(0, 0)
[-17.3433284759521, 9.48648929595947, 0.592362761497498]::(238.0, 77.0, 148.0, 197.0)::(48.0, 9.0)->(0, 0)
[-17.7634944915771, 10.1930160522461, 0.35726124048233]::(238.0, 77.0, 148.0, 197.0)::(48.0, 9.0)->(0, 0)
[-18.1341896057129, 9.66843700408936, 0.521822988986969]::(238.0, 77.0, 148.0, 197.0)::(48.0, 9.0)->(0, 0)
[-17.8693332672119, 10.473201751709, 0.386663287878036]::(238.0, 77.0, 148.0, 197.0)::(48.0, 9.0)->(0, 0)
[-17.0352039337158, 10.1774635314941, 0.368924230337143]::(238.0, 77.0, 148.0, 197.0)::(48.0, 9.0)->(0, 0)
[-17.6020812988281, 9.59032917022705, 0.491164833307266]::(238.0, 77.0, 148.0, 197.0)::(48.0, 9.0)->(0, 0)
[-16.5479412078857, 10.4503202438354, 0.495636582374573]::(238.0, 77.0, 148.0, 197.0)::(48.0, 9.0)->(0, 0)
[-17.4482269287109, 10.1872835159302, 0.456281989812851]::(238.0, 77.0, 148.0, 197.0)::(48.0, 9.0)->(0, 0)
[-17.3284225463867, 9.24256420135498, 0.675191938877106]::(238.0, 77.0, 148.0, 197.0)::(48.0, 9.0)->(0, 0)
[-17.6876392364502, 9.82230377197266, 0.502214789390564]::(238.0, 77.0, 148.0, 197.0)::(48.0, 9.0)->(0, 0)
[-17.4847202301025, 9.97664070129395, 0.499735713005066]::(238.0, 77.0, 148.0, 197.0)::(48.0, 9.0)->(0, 0)
[-17.1956024169922, 9.36494255065918, 0.574364244937897]::(238.0, 77.0, 148.0, 197.0)::(48.0, 9.0)->(0, 0)
[-18.4750804901123, 9.69996929168701, 0.552948355674744]::(238.0, 77.0, 148.0, 197.0)::(48.0, 9.0)->(0, 0)
[-16.9585094451904, 10.0185403823853, 0.535273671150208]::(238.0, 77.0, 148.0, 197.0)::(48.0, 9.0)->(0, 0)
[-17.4267311096191, 10.3747110366821, 0.393824100494385]::(238.0, 77.0, 148.0, 197.0)::(48.0, 9.0)->(0, 0)
[-17.2031002044678, 9.67201805114746, 0.385782241821289]::(238.0, 77.0, 148.0, 197.0)::(48.0, 9.0)->(0, 0)
[-16.9404716491699, 9.96940898895264, 0.542741715908051]::(238.0, 77.0, 148.0, 197.0)::(48.0, 9.0)->(0, 0)
[-16.6480674743652, 8.57084083557129, 0.652531504631042]::(238.0, 77.0, 148.0, 197.0)::(48.0, 9.0)->(0, 0)
[-17.5298881530762, 9.60862445831299, 0.514878213405609]::(238.0, 77.0, 148.0, 197.0)::(48.0, 9.0)->(0, 0)
[-18.2740726470947, 9.69063377380371, 0.374352693557739]::(238.0, 77.0, 148.0, 197.0)::(48.0, 9.0)->(0, 0)
[-17.1710338592529, 9.91546249389648, 0.594700753688812]::(238.0, 77.0, 148.0, 197.0)::(48.0, 9.0)->(0, 0)
[-17.8198852539062, 9.68196296691895, 0.493814677000046]::(238.0, 77.0, 148.0, 197.0)::(48.0, 9.0)->(0, 0)
[-17.495059967041, 10.2801904678345, 0.281646370887756]::(238.0, 77.0, 148.0, 197.0)::(48.0, 9.0)->(0, 0)
[-17.6621971130371, 9.93754100799561, 0.334233492612839]::(238.0, 77.0, 148.0, 197.0)::(48.0, 9.0)->(0, 0)
[-17.6490440368652, 10.5092430114746, 0.114306688308716]::(238.0, 77.0, 148.0, 197.0)::(48.0, 9.0)->(0, 0)
[-16.6615829467773, 10.3070058822632, 0.624474883079529]::(238.0, 77.0, 148.0, 197.0)::(48.0, 9.0)->(0, 0)
[-17.2330436706543, 9.77589797973633, 0.717094421386719]::(238.0, 77.0, 148.0, 197.0)::(48.0, 9.0)->(0, 0)
[-17.0918140411377, 9.98134994506836, 0.636918306350708]::(238.0, 77.0, 148.0, 197.0)::(48.0, 9.0)->(0, 0)
[-17.9703922271729, 9.58578109741211, 0.405657351016998]::(238.0, 77.0, 148.0, 197.0)::(48.0, 9.0)->(0, 0)
[-16.917459487915, 9.44384956359863, 0.556438207626343]::(238.0, 77.0, 148.0, 197.0)::(48.0, 9.0)->(0, 0)
[-17.116455078125, 9.71607780456543, 0.392750293016434]::(238.0, 77.0, 148.0, 197.0)::(48.0, 9.0)->(0, 0)
[-16.6127109527588, 9.62107753753662, 0.523431599140167]::(238.0, 77.0, 148.0, 197.0)::(48.0, 9.0)->(0, 0)
[-16.7335796356201, 10.2277116775513, 0.580708801746368]::(238.0, 77.0, 148.0, 197.0)::(48.0, 9.0)->(0, 0)
[-16.9803447723389, 9.74447536468506, 0.501429259777069]::(238.0, 77.0, 148.0, 197.0)::(48.0, 9.0)->(0, 0)
[-17.7788105010986, 9.9450511932373, 0.312203109264374]::(238.0, 77.0, 148.0, 197.0)::(48.0, 9.0)->(0, 0)
[-16.6515197753906, 9.95930290222168, 0.399019509553909]::(238.0, 77.0, 148.0, 197.0)::(48.0, 9.0)->(0, 0)
[-17.0587024688721, 9.34855175018311, 0.462191015481949]::(236.0, 77.0, 156.0, 208.0)::(48.0, 9.0)->(0, 0)
[-18.0621967315674, 9.59301662445068, 0.185074895620346]::(236.0, 77.0, 156.0, 208.0)::(48.0, 9.0)->(0, 0)
[-16.8802356719971, 9.68066596984863, 0.46958863735199]::(236.0, 77.0, 156.0, 208.0)::(48.0, 9.0)->(0, 0)
[-16.3363723754883, 9.30986213684082, 0.732167065143585]::(238.0, 78.0, 148.0, 197.0)::(48.0, 9.0)->(0, 0)
[-16.0396747589111, 9.69662857055664, 0.494598537683487]::(238.0, 78.0, 148.0, 197.0)::(48.0, 9.0)->(0, 0)
[-16.6465721130371, 9.56494903564453, 0.569755136966705]::(234.0, 75.0, 159.0, 212.0)::(48.0, 9.0)->(0, 0)
[-16.9904022216797, 10.0286417007446, 0.503010809421539]::(237.0, 77.0, 149.0, 198.0)::(48.0, 9.0)->(0, 0)
[-17.4501724243164, 11.1507778167725, 0.347315043210983]::(237.0, 77.0, 149.0, 198.0)::(48.0, 9.0)->(0, 0)
[-17.2500972747803, 10.561206817627, 0.244212076067924]::(237.0, 77.0, 149.0, 198.0)::(48.0, 9.0)->(0, 0)
[-16.8985824584961, 10.778902053833, 0.478098779916763]::(237.0, 77.0, 149.0, 198.0)::(48.0, 9.0)->(0, 0)
[-17.2483177185059, 9.26871395111084, 0.573338449001312]::(237.0, 77.0, 149.0, 198.0)::(48.0, 9.0)->(0, 0)
[-18.1242446899414, 10.894495010376, 0.350666999816895]::(237.0, 77.0, 149.0, 198.0)::(48.0, 9.0)->(0, 0)
[-17.3819770812988, 10.159930229187, 0.3223477602005]::(237.0, 77.0, 149.0, 198.0)::(48.0, 9.0)->(0, 0)
[-17.5195541381836, 11.1731071472168, 0.456100255250931]::(237.0, 77.0, 149.0, 198.0)::(48.0, 9.0)->(0, 0)
[-18.006893157959, 10.9992980957031, 0.180721715092659]::(237.0, 77.0, 149.0, 198.0)::(48.0, 9.0)->(0, 0)
[-18.1277236938477, 10.9467544555664, 0.212522432208061]::(237.0, 77.0, 149.0, 198.0)::(48.0, 9.0)->(0, 0)
[-18.1179103851318, 10.1754693984985, 0.388544619083405]::(237.0, 77.0, 149.0, 198.0)::(48.0, 9.0)->(0, 0)
[-17.3595523834229, 11.570782661438, 0.341070860624313]::(237.0, 77.0, 149.0, 198.0)::(48.0, 9.0)->(0, 0)
[-17.1593761444092, 10.2656507492065, 0.558267891407013]::(237.0, 77.0, 149.0, 198.0)::(48.0, 9.0)->(0, 0)
[-17.5163536071777, 10.4750595092773, 0.454607367515564]::(237.0, 77.0, 149.0, 198.0)::(48.0, 9.0)->(0, 0)
[-17.507266998291, 9.93421363830566, 0.615292310714722]::(237.0, 77.0, 149.0, 198.0)::(48.0, 9.0)->(0, 0)
[-17.9595127105713, 10.6048746109009, 0.395146310329437]::(237.0, 77.0, 149.0, 198.0)::(48.0, 9.0)->(0, 0)
[-16.6410789489746, 9.99479961395264, 0.423022508621216]::(237.0, 77.0, 149.0, 198.0)::(48.0, 9.0)->(0, 0)
[-16.9333419799805, 9.88932132720947, 0.53318977355957]::(237.0, 77.0, 149.0, 198.0)::(48.0, 9.0)->(0, 0)
[-16.7499713897705, 10.6225919723511, 0.460944920778275]::(237.0, 77.0, 149.0, 198.0)::(48.0, 9.0)->(0, 0)
[-16.6632785797119, 10.0954904556274, 0.405895590782166]::(237.0, 77.0, 149.0, 198.0)::(48.0, 9.0)->(0, 0)
[-17.4625835418701, 9.6519079208374, 0.417271018028259]::(237.0, 77.0, 149.0, 198.0)::(48.0, 9.0)->(0, 0)
[-16.1511192321777, 8.72367763519287, 0.759530901908875]::(237.0, 79.0, 147.0, 196.0)::(66.0, 12.0)->(1, 0)
[-16.6031837463379, 8.85073757171631, 0.623822748661041]::(237.0, 79.0, 147.0, 196.0)::(66.0, 12.0)->(1, 0)
[-15.8713598251343, 8.40228652954102, 0.781700313091278]::(237.0, 79.0, 147.0, 196.0)::(66.0, 12.0)->(1, 0)
[-16.67409324646, 9.03132152557373, 0.546040832996368]::(237.0, 79.0, 147.0, 196.0)::(66.0, 12.0)->(1, 0)
[-16.5776100158691, 9.27307319641113, 0.432163268327713]::(237.0, 79.0, 147.0, 196.0)::(66.0, 12.0)->(1, 0)
[-16.44700050354, 9.18178462982178, 0.404687285423279]::(237.0, 79.0, 147.0, 196.0)::(66.0, 12.0)->(1, 0)
[-17.0822010040283, 8.58449840545654, 0.640859365463257]::(237.0, 79.0, 147.0, 196.0)::(66.0, 12.0)->(1, 0)
[-16.21901512146, 8.83690452575684, 0.653973519802094]::(237.0, 79.0, 147.0, 196.0)::(66.0, 12.0)->(1, 0)
[-16.5135269165039, 9.15568733215332, 0.544430732727051]::(237.0, 79.0, 147.0, 196.0)::(66.0, 12.0)->(1, 0)
[-16.5945873260498, 8.89567470550537, 0.607639491558075]::(237.0, 79.0, 147.0, 196.0)::(66.0, 12.0)->(1, 0)
[-16.4695854187012, 8.71729946136475, 0.47577166557312]::(237.0, 79.0, 147.0, 196.0)::(63.0, 12.0)->(1, 0)
[-17.4304733276367, 8.76129055023193, 0.767346441745758]::(237.0, 79.0, 147.0, 196.0)::(66.0, 12.0)->(1, 0)
[-16.1938896179199, 9.04733467102051, 0.576732814311981]::(237.0, 79.0, 147.0, 196.0)::(66.0, 12.0)->(1, 0)
[-16.5978736877441, 8.71735858917236, 0.567095518112183]::(237.0, 79.0, 147.0, 196.0)::(66.0, 12.0)->(1, 0)
[-17.0566749572754, 8.91730785369873, 0.675881147384644]::(237.0, 79.0, 147.0, 196.0)::(66.0, 12.0)->(1, 0)
[-16.8523731231689, 9.22099590301514, 0.556992769241333]::(237.0, 79.0, 147.0, 196.0)::(66.0, 12.0)->(1, 0)
[-16.4279594421387, 9.27238750457764, 0.653713822364807]::(237.0, 79.0, 147.0, 196.0)::(66.0, 12.0)->(1, 0)
[-16.7786903381348, 9.00699615478516, 0.618517756462097]::(237.0, 79.0, 147.0, 196.0)::(66.0, 12.0)->(1, 0)
[-16.2465476989746, 8.93299198150635, 0.635835528373718]::(237.0, 79.0, 147.0, 196.0)::(70.0, 12.0)->(1, 0)
[-16.9866046905518, 9.43325042724609, 0.528179466724396]::(237.0, 79.0, 147.0, 196.0)::(70.0, 12.0)->(1, 0)
[-15.9919385910034, 9.05244255065918, 0.69006359577179]::(237.0, 79.0, 147.0, 196.0)::(70.0, 12.0)->(1, 0)
[-16.5338153839111, 8.91398143768311, 0.691192507743835]::(237.0, 79.0, 147.0, 196.0)::(70.0, 12.0)->(1, 0)
[-17.0352172851562, 9.42965888977051, 0.544908285140991]::(237.0, 79.0, 147.0, 196.0)::(70.0, 12.0)->(1, 0)
[-16.2722911834717, 9.13433837890625, 0.458264917135239]::(237.0, 79.0, 147.0, 196.0)::(73.0, 12.0)->(1, 0)
[-16.6315746307373, 9.56724834442139, 0.508956134319305]::(237.0, 79.0, 147.0, 196.0)::(70.0, 12.0)->(1, 0)
[-16.4870414733887, 9.3170337677002, 0.592692255973816]::(237.0, 79.0, 147.0, 196.0)::(70.0, 12.0)->(1, 0)
[-16.7286586761475, 8.50460052490234, 0.462731868028641]::(237.0, 79.0, 147.0, 196.0)::(70.0, 12.0)->(1, 0)
[-16.6650562286377, 8.54622077941895, 0.583593606948853]::(237.0, 79.0, 147.0, 196.0)::(70.0, 12.0)->(1, 0)
[-16.07834815979, 8.10281085968018, 0.637977361679077]::(237.0, 79.0, 147.0, 196.0)::(70.0, 12.0)->(1, 0)
[-16.6027450561523, 8.64140701293945, 0.594344258308411]::(237.0, 79.0, 147.0, 196.0)::(70.0, 12.0)->(1, 0)
[-16.7907104492188, 9.50327396392822, 0.446377456188202]::(237.0, 79.0, 147.0, 196.0)::(70.0, 12.0)->(1, 0)
[-16.7106399536133, 9.45331287384033, 0.431672245264053]::(237.0, 79.0, 147.0, 196.0)::(70.0, 12.0)->(1, 0)
[-16.6302280426025, 8.86553573608398, 0.592664539813995]::(237.0, 79.0, 147.0, 196.0)::(73.0, 12.0)->(1, 0)
[-16.8129863739014, 9.03179264068604, 0.321795523166656]::(237.0, 79.0, 147.0, 196.0)::(70.0, 12.0)->(1, 0)
[-16.5328502655029, 9.03361797332764, 0.336959064006805]::(237.0, 79.0, 147.0, 196.0)::(70.0, 12.0)->(1, 0)
[-16.5651779174805, 8.72581768035889, 0.576731324195862]::(237.0, 79.0, 147.0, 196.0)::(70.0, 12.0)->(1, 0)
[-16.5523090362549, 9.14848613739014, 0.605286180973053]::(237.0, 79.0, 147.0, 196.0)::(70.0, 12.0)->(1, 0)
[-16.4869613647461, 8.98185634613037, 0.446571916341782]::(237.0, 79.0, 147.0, 196.0)::(70.0, 12.0)->(1, 0)
[-16.870246887207, 8.53204822540283, 0.550708055496216]::(237.0, 79.0, 147.0, 196.0)::(73.0, 12.0)->(1, 0)
[-16.5104179382324, 9.17207527160645, 0.637219488620758]::(237.0, 79.0, 147.0, 196.0)::(73.0, 12.0)->(1, 0)
[-16.8638648986816, 10.0709133148193, 0.308175414800644]::(237.0, 79.0, 147.0, 196.0)::(73.0, 12.0)->(1, 0)
[-17.110050201416, 9.22202396392822, 0.576346337795258]::(237.0, 79.0, 147.0, 196.0)::(73.0, 12.0)->(1, 0)
[-16.1242351531982, 8.35891628265381, 0.495848089456558]::(237.0, 79.0, 147.0, 196.0)::(70.0, 12.0)->(1, 0)
[-16.1339664459229, 8.73446559906006, 0.573585391044617]::(237.0, 79.0, 147.0, 196.0)::(73.0, 12.0)->(1, 0)
[-16.3161544799805, 9.2756986618042, 0.375420272350311]::(237.0, 79.0, 147.0, 196.0)::(73.0, 12.0)->(1, 0)
[-16.6444339752197, 10.1171932220459, 0.412553608417511]::(237.0, 79.0, 147.0, 196.0)::(73.0, 12.0)->(1, 0)
[-15.7695989608765, 9.23218727111816, 0.46435484290123]::(237.0, 79.0, 147.0, 196.0)::(73.0, 12.0)->(1, 0)
[-16.4063282012939, 8.82228660583496, 0.626778960227966]::(237.0, 79.0, 147.0, 196.0)::(70.0, 12.0)->(1, 0)
[-16.9282665252686, 9.29004859924316, 0.441555082798004]::(237.0, 79.0, 147.0, 196.0)::(70.0, 12.0)->(1, 0)
[-16.5258693695068, 8.47096538543701, 0.510290861129761]::(237.0, 79.0, 147.0, 196.0)::(70.0, 12.0)->(1, 0)
[-16.3292579650879, 9.05497360229492, 0.662065625190735]::(237.0, 79.0, 147.0, 196.0)::(73.0, 12.0)->(1, 0)
[-17.3674869537354, 9.76651668548584, 0.352117627859116]::(237.0, 79.0, 147.0, 196.0)::(73.0, 12.0)->(1, 0)
[-15.9130735397339, 9.74367809295654, 0.533981204032898]::(237.0, 79.0, 147.0, 196.0)::(73.0, 12.0)->(1, 0)
[-17.0809688568115, 9.53846740722656, 0.656865477561951]::(237.0, 79.0, 147.0, 196.0)::(70.0, 12.0)->(1, 0)
[-16.0872039794922, 9.34087181091309, 0.718450605869293]::(237.0, 79.0, 147.0, 196.0)::(73.0, 12.0)->(1, 0)
[-16.663293838501, 8.98834991455078, 0.684484899044037]::(237.0, 79.0, 147.0, 196.0)::(73.0, 12.0)->(1, 0)
[-17.3082332611084, 9.53995513916016, 0.513856768608093]::(237.0, 79.0, 147.0, 196.0)::(70.0, 12.0)->(1, 0)
[-16.9719924926758, 9.18929767608643, 0.604674696922302]::(237.0, 79.0, 147.0, 196.0)::(73.0, 12.0)->(1, 0)
[-16.8885822296143, 8.84379482269287, 0.519284784793854]::(237.0, 79.0, 147.0, 196.0)::(73.0, 12.0)->(1, 0)
[-16.5484027862549, 9.55850028991699, 0.625153362751007]::(237.0, 79.0, 147.0, 196.0)::(73.0, 12.0)->(1, 0)
[-16.7349548339844, 9.74855136871338, 0.64833265542984]::(237.0, 79.0, 147.0, 196.0)::(73.0, 12.0)->(1, 0)
[-16.4316005706787, 9.17837238311768, 0.591198325157166]::(237.0, 79.0, 147.0, 196.0)::(70.0, 12.0)->(1, 0)
[-17.3726463317871, 9.54479885101318, 0.28770524263382]::(237.0, 79.0, 147.0, 196.0)::(73.0, 12.0)->(1, 0)
[-17.1335582733154, 9.82577323913574, 0.462633311748505]::(237.0, 79.0, 147.0, 196.0)::(73.0, 12.0)->(1, 0)
[-16.1720333099365, 9.1390552520752, 0.58332759141922]::(237.0, 79.0, 147.0, 196.0)::(73.0, 12.0)->(1, 0)
[-17.0323925018311, 9.64091777801514, 0.408527582883835]::(237.0, 79.0, 147.0, 196.0)::(73.0, 12.0)->(1, 0)
[-16.6248664855957, 9.44333267211914, 0.471609205007553]::(237.0, 79.0, 147.0, 196.0)::(73.0, 12.0)->(1, 0)
[-16.8589706420898, 9.5981912612915, 0.494245558977127]::(237.0, 79.0, 147.0, 196.0)::(73.0, 12.0)->(1, 0)
[-16.4817371368408, 9.23717880249023, 0.564289271831512]::(237.0, 79.0, 147.0, 196.0)::(73.0, 12.0)->(1, 0)
[-17.2524280548096, 9.21596431732178, 0.552793025970459]::(237.0, 79.0, 147.0, 196.0)::(73.0, 12.0)->(1, 0)
[-16.3125228881836, 9.11954689025879, 0.530032634735107]::(237.0, 79.0, 147.0, 196.0)::(73.0, 12.0)->(1, 0)
[-17.1629867553711, 9.26012516021729, 0.483411699533463]::(237.0, 79.0, 147.0, 196.0)::(73.0, 12.0)->(1, 0)
[-16.7450294494629, 10.2240600585938, 0.614864230155945]::(237.0, 79.0, 147.0, 196.0)::(73.0, 12.0)->(1, 0)
[-16.6745338439941, 9.0344181060791, 0.405660629272461]::(237.0, 79.0, 147.0, 196.0)::(76.0, 12.0)->(1, 0)
[-16.3164482116699, 9.07963085174561, 0.389235883951187]::(237.0, 79.0, 147.0, 196.0)::(73.0, 12.0)->(1, 0)
[-16.5131492614746, 8.88174343109131, 0.537640452384949]::(237.0, 79.0, 147.0, 196.0)::(73.0, 12.0)->(1, 0)
[-15.9356136322021, 9.17010879516602, 0.424495548009872]::(237.0, 79.0, 147.0, 196.0)::(76.0, 12.0)->(1, 0)
[-16.245677947998, 9.70578384399414, 0.394204437732697]::(237.0, 79.0, 147.0, 196.0)::(76.0, 12.0)->(1, 0)
[-16.3912925720215, 9.69633007049561, 0.248381376266479]::(237.0, 79.0, 147.0, 196.0)::(76.0, 12.0)->(1, 0)
[-16.800271987915, 9.58824729919434, 0.555405855178833]::(237.0, 79.0, 147.0, 196.0)::(76.0, 12.0)->(1, 0)
[-16.0126132965088, 9.50438499450684, 0.350134074687958]::(237.0, 79.0, 147.0, 196.0)::(76.0, 12.0)->(1, 0)
[-16.5902786254883, 8.7959566116333, 0.439014822244644]::(237.0, 79.0, 147.0, 196.0)::(73.0, 12.0)->(1, 0)
[-16.5625152587891, 9.94567775726318, 0.299920350313187]::(237.0, 79.0, 147.0, 196.0)::(73.0, 12.0)->(1, 0)
[-16.0598640441895, 9.56362819671631, 0.49958336353302]::(237.0, 79.0, 147.0, 196.0)::(73.0, 12.0)->(1, 0)
[-16.8384742736816, 9.14685249328613, 0.263238310813904]::(237.0, 79.0, 147.0, 196.0)::(73.0, 12.0)->(1, 0)
[-15.7367782592773, 9.11611557006836, 0.623529076576233]::(237.0, 79.0, 147.0, 196.0)::(76.0, 12.0)->(1, 0)
[-16.7754764556885, 9.21419525146484, 0.403494447469711]::(237.0, 79.0, 147.0, 196.0)::(73.0, 12.0)->(1, 0)
[-16.0817241668701, 9.55127429962158, 0.294734537601471]::(237.0, 79.0, 147.0, 196.0)::(73.0, 12.0)->(1, 0)
[-17.1522026062012, 9.75395488739014, 0.496657371520996]::(237.0, 79.0, 147.0, 196.0)::(76.0, 12.0)->(1, 0)
[-16.7964859008789, 9.76002025604248, 0.523255884647369]::(237.0, 79.0, 147.0, 196.0)::(73.0, 12.0)->(1, 0)
[-17.2954044342041, 9.27423095703125, -0.12051722407341]::(237.0, 79.0, 149.0, 198.0)::(82.0, 11.0)->(2, 0)
[-18.0879154205322, 9.26640510559082, 0.0680482015013695]::(237.0, 79.0, 149.0, 198.0)::(82.0, 11.0)->(2, 0)
[-17.1460475921631, 8.98026752471924, 0.156833231449127]::(237.0, 79.0, 149.0, 198.0)::(82.0, 11.0)->(2, 0)
[-17.2067947387695, 9.28592014312744, -0.0317612364888191]::(237.0, 79.0, 149.0, 198.0)::(86.0, 11.0)->(2, 0)
[-17.1420478820801, 9.54285526275635, -0.0468865409493446]::(237.0, 79.0, 149.0, 198.0)::(79.0, 11.0)->(2, 0)
[-17.3925933837891, 8.63522243499756, -0.0796541944146156]::(237.0, 79.0, 149.0, 198.0)::(82.0, 11.0)->(2, 0)
[-17.3162136077881, 9.25614738464355, 0.172522649168968]::(237.0, 79.0, 149.0, 198.0)::(82.0, 11.0)->(2, 0)
[-17.221923828125, 9.29288864135742, 0.172937139868736]::(237.0, 79.0, 149.0, 198.0)::(82.0, 11.0)->(2, 0)
[-17.3699951171875, 8.97827625274658, 0.27282989025116]::(237.0, 79.0, 149.0, 198.0)::(82.0, 11.0)->(2, 0)
[-18.119909286499, 8.5822286605835, 0.113684177398682]::(237.0, 79.0, 149.0, 198.0)::(82.0, 11.0)->(2, 0)
[-16.7367610931396, 8.54121112823486, 0.133635714650154]::(237.0, 79.0, 149.0, 198.0)::(86.0, 11.0)->(2, 0)
[-16.8020668029785, 8.35938835144043, 0.245074421167374]::(237.0, 79.0, 149.0, 198.0)::(82.0, 11.0)->(2, 0)
[-16.9654808044434, 8.75541305541992, 0.076371356844902]::(237.0, 79.0, 149.0, 198.0)::(89.0, 11.0)->(2, 0)
[-16.4989490509033, 8.73252296447754, 0.365249752998352]::(237.0, 79.0, 149.0, 198.0)::(89.0, 11.0)->(2, 0)
[-17.40016746521, 8.81575965881348, -0.0843203142285347]::(237.0, 79.0, 149.0, 198.0)::(86.0, 11.0)->(2, 0)
[-17.0617256164551, 8.78854751586914, 0.0702359303832054]::(237.0, 79.0, 149.0, 198.0)::(86.0, 11.0)->(2, 0)
[-17.0682888031006, 8.68238830566406, 0.168338686227798]::(237.0, 79.0, 149.0, 198.0)::(86.0, 11.0)->(2, 0)
[-17.4039058685303, 8.72787094116211, -0.00152478052768856]::(237.0, 79.0, 149.0, 198.0)::(89.0, 11.0)->(2, 0)
[-17.3590297698975, 8.58090400695801, 0.13113434612751]::(237.0, 79.0, 149.0, 198.0)::(86.0, 11.0)->(2, 0)
[-17.5218772888184, 8.91018104553223, -0.100423946976662]::(237.0, 79.0, 149.0, 198.0)::(89.0, 11.0)->(2, 0)
[-16.6625022888184, 8.69015407562256, 0.144047603011131]::(237.0, 79.0, 149.0, 198.0)::(89.0, 11.0)->(2, 0)
[-17.2402744293213, 8.75466346740723, 0.0198656860738993]::(237.0, 79.0, 149.0, 198.0)::(86.0, 11.0)->(2, 0)
[-17.615966796875, 8.85761165618896, -0.0684658288955688]::(237.0, 79.0, 149.0, 198.0)::(86.0, 11.0)->(2, 0)
[-18.4081134796143, 9.9523344039917, -0.241073951125145]::(237.0, 79.0, 149.0, 198.0)::(89.0, 11.0)->(2, 0)
[-17.7497615814209, 8.94166278839111, 0.0117003684863448]::(237.0, 79.0, 149.0, 198.0)::(89.0, 11.0)->(2, 0)
[-17.3877372741699, 9.1974458694458, -0.147656574845314]::(237.0, 79.0, 149.0, 198.0)::(89.0, 11.0)->(2, 0)
[-17.6862201690674, 8.80954360961914, -0.10860038548708]::(237.0, 79.0, 149.0, 198.0)::(89.0, 11.0)->(2, 0)
[-17.2080821990967, 8.21277141571045, 0.314923077821732]::(237.0, 79.0, 149.0, 198.0)::(89.0, 11.0)->(2, 0)
[-17.2832412719727, 8.79223728179932, -0.0178606901317835]::(237.0, 79.0, 149.0, 198.0)::(86.0, 11.0)->(2, 0)
[-18.3788108825684, 9.85325336456299, -0.326213210821152]::(237.0, 79.0, 149.0, 198.0)::(86.0, 11.0)->(2, 0)
[-17.7062168121338, 8.4932918548584, 0.266283631324768]::(237.0, 79.0, 149.0, 198.0)::(89.0, 11.0)->(2, 0)
[-17.4469871520996, 8.80166625976562, 0.186724856495857]::(237.0, 79.0, 149.0, 198.0)::(86.0, 11.0)->(2, 0)
[-17.1300640106201, 8.57537651062012, 0.21416163444519]::(237.0, 79.0, 149.0, 198.0)::(86.0, 11.0)->(2, 0)
[-17.6167755126953, 8.69526958465576, 0.167863696813583]::(237.0, 79.0, 149.0, 198.0)::(86.0, 11.0)->(2, 0)
[-17.1435470581055, 8.72439670562744, 0.081445038318634]::(237.0, 79.0, 149.0, 198.0)::(86.0, 11.0)->(2, 0)
[-17.1894664764404, 8.85097122192383, 0.0240758154541254]::(237.0, 79.0, 149.0, 198.0)::(86.0, 11.0)->(2, 0)
[-17.1520709991455, 8.77558708190918, 0.167558610439301]::(237.0, 79.0, 149.0, 198.0)::(86.0, 11.0)->(2, 0)
[-17.3109703063965, 8.61708164215088, 0.0293916743248701]::(237.0, 79.0, 149.0, 198.0)::(86.0, 11.0)->(2, 0)
[-17.6768913269043, 8.72786998748779, -0.0991313979029655]::(237.0, 79.0, 149.0, 198.0)::(86.0, 11.0)->(2, 0)
[-16.9162502288818, 8.47338390350342, 0.161854758858681]::(237.0, 79.0, 149.0, 198.0)::(86.0, 11.0)->(2, 0)
[-17.3362064361572, 8.49171161651611, 0.122574165463448]::(237.0, 79.0, 149.0, 198.0)::(89.0, 11.0)->(2, 0)
[-17.3980979919434, 8.83647441864014, 0.15098212659359]::(237.0, 79.0, 149.0, 198.0)::(89.0, 11.0)->(2, 0)
[-16.663215637207, 8.45498085021973, 0.343180924654007]::(237.0, 79.0, 149.0, 198.0)::(89.0, 11.0)->(2, 0)
[-17.2374229431152, 9.17868423461914, 0.020171269774437]::(237.0, 79.0, 149.0, 198.0)::(86.0, 11.0)->(2, 0)
[-16.8039512634277, 8.65008163452148, 0.150920629501343]::(237.0, 79.0, 149.0, 198.0)::(89.0, 11.0)->(2, 0)
[-16.660249710083, 8.45277786254883, 0.0490061976015568]::(237.0, 79.0, 149.0, 198.0)::(86.0, 11.0)->(2, 0)
[-16.7217845916748, 8.5903148651123, 0.163353949785233]::(237.0, 79.0, 149.0, 198.0)::(86.0, 11.0)->(2, 0)
[-17.5484428405762, 8.65410900115967, 0.00466163782402873]::(237.0, 79.0, 149.0, 198.0)::(89.0, 11.0)->(2, 0)
[-17.7405910491943, 8.55766296386719, 0.110364109277725]::(237.0, 79.0, 149.0, 198.0)::(89.0, 11.0)->(2, 0)
[-17.4789390563965, 8.92928123474121, 0.0818634107708931]::(237.0, 79.0, 149.0, 198.0)::(89.0, 11.0)->(2, 0)
[-16.528205871582, 8.94714069366455, 0.11449583619833]::(237.0, 79.0, 149.0, 198.0)::(89.0, 11.0)->(2, 0)
[-17.460470199585, 8.72237300872803, 0.0637331083416939]::(237.0, 79.0, 149.0, 198.0)::(89.0, 11.0)->(2, 0)
[-16.4135665893555, 8.43064117431641, 0.186111181974411]::(237.0, 79.0, 149.0, 198.0)::(86.0, 11.0)->(2, 0)
[-17.6395568847656, 9.14446830749512, -0.108605794608593]::(237.0, 79.0, 149.0, 198.0)::(86.0, 11.0)->(2, 0)
[-17.0728855133057, 8.70826435089111, 0.270906776189804]::(237.0, 79.0, 149.0, 198.0)::(86.0, 11.0)->(2, 0)
[-17.1897220611572, 8.69565677642822, 0.16512206196785]::(237.0, 79.0, 149.0, 198.0)::(89.0, 11.0)->(2, 0)
[-17.0039157867432, 8.67135906219482, 0.338361889123917]::(237.0, 79.0, 149.0, 198.0)::(89.0, 11.0)->(2, 0)
[-17.0298042297363, 8.63032150268555, 0.035851962864399]::(237.0, 79.0, 149.0, 198.0)::(89.0, 11.0)->(2, 0)
[-17.7956390380859, 9.57722187042236, -0.222194224596024]::(237.0, 79.0, 149.0, 198.0)::(89.0, 11.0)->(2, 0)
[-17.5790634155273, 9.34848785400391, -0.0554546676576138]::(237.0, 79.0, 149.0, 198.0)::(89.0, 11.0)->(2, 0)
[-17.3201999664307, 9.33582782745361, -0.160265907645226]::(237.0, 79.0, 149.0, 198.0)::(86.0, 11.0)->(2, 0)
[-17.483772277832, 9.56296253204346, -0.211563438177109]::(237.0, 79.0, 149.0, 198.0)::(89.0, 11.0)->(2, 0)
[-17.1703014373779, 8.97531795501709, -0.0388877540826797]::(237.0, 79.0, 149.0, 198.0)::(93.0, 11.0)->(2, 0)
[-17.8222198486328, 9.33753776550293, -0.0596782043576241]::(237.0, 79.0, 149.0, 198.0)::(93.0, 11.0)->(2, 0)
[-17.250919342041, 8.89352130889893, -0.0265950560569763]::(237.0, 79.0, 149.0, 198.0)::(93.0, 11.0)->(2, 0)
[-17.0931358337402, 9.06481742858887, -0.0700165927410126]::(237.0, 79.0, 149.0, 198.0)::(93.0, 11.0)->(2, 0)
[-17.4088878631592, 9.93105030059814, -0.33763200044632]::(237.0, 79.0, 149.0, 198.0)::(89.0, 11.0)->(2, 0)
[-16.1552886962891, 9.78821659088135, -0.0308222156018019]::(237.0, 79.0, 149.0, 198.0)::(89.0, 11.0)->(2, 0)
[-17.2524833679199, 9.51360607147217, -0.205871343612671]::(237.0, 79.0, 149.0, 198.0)::(93.0, 11.0)->(2, 0)
[-16.6193351745605, 9.09961795806885, -0.0924006775021553]::(237.0, 79.0, 149.0, 198.0)::(89.0, 11.0)->(2, 0)
[-17.3403720855713, 9.10912036895752, -0.159163728356361]::(237.0, 79.0, 149.0, 198.0)::(89.0, 11.0)->(2, 0)
[-16.6769256591797, 9.24747467041016, 0.0289885234087706]::(237.0, 79.0, 149.0, 198.0)::(89.0, 11.0)->(2, 0)
[-17.0731925964355, 9.59829616546631, -0.104295425117016]::(237.0, 79.0, 149.0, 198.0)::(89.0, 11.0)->(2, 0)
[-17.6225910186768, 9.32301330566406, -0.0467028692364693]::(237.0, 79.0, 149.0, 198.0)::(89.0, 11.0)->(2, 0)
[-17.9433422088623, 9.31362628936768, 0.00934750214219093]::(237.0, 79.0, 149.0, 198.0)::(93.0, 11.0)->(2, 0)
[-17.2046604156494, 9.3285436630249, 0.00370982987806201]::(237.0, 79.0, 149.0, 198.0)::(93.0, 11.0)->(2, 0)
[-17.3979682922363, 9.42493152618408, -0.0931091979146004]::(237.0, 79.0, 149.0, 198.0)::(93.0, 11.0)->(2, 0)
[-17.0437850952148, 9.28781223297119, 0.0808334723114967]::(237.0, 79.0, 149.0, 198.0)::(93.0, 11.0)->(2, 0)
[-16.5598926544189, 9.5860652923584, -0.0232874155044556]::(237.0, 79.0, 149.0, 198.0)::(93.0, 11.0)->(2, 0)
[-16.4621448516846, 9.23831176757812, 0.000815472565591335]::(237.0, 79.0, 149.0, 198.0)::(93.0, 11.0)->(2, 0)
[-16.8624248504639, 9.19181728363037, 0.132485270500183]::(237.0, 79.0, 149.0, 198.0)::(89.0, 11.0)->(2, 0)
[-16.8605728149414, 9.24287891387939, 0.0851839557290077]::(237.0, 79.0, 149.0, 198.0)::(93.0, 11.0)->(2, 0)
[-16.7492408752441, 9.18270874023438, -0.034473855048418]::(237.0, 79.0, 149.0, 198.0)::(93.0, 11.0)->(2, 0)
[-16.8525619506836, 8.82345104217529, 0.00206528021954]::(237.0, 79.0, 149.0, 198.0)::(93.0, 11.0)->(2, 0)
[-16.6710948944092, 9.07999801635742, -0.13855467736721]::(237.0, 79.0, 149.0, 198.0)::(93.0, 11.0)->(2, 0)
[-16.9543399810791, 9.33802127838135, 0.0405114963650703]::(237.0, 79.0, 149.0, 198.0)::(93.0, 11.0)->(2, 0)
[-16.500150680542, 9.65291976928711, -0.0374904572963715]::(237.0, 79.0, 149.0, 198.0)::(89.0, 11.0)->(2, 0)
[-17.7362041473389, 9.27690124511719, -0.167779371142387]::(237.0, 79.0, 149.0, 198.0)::(89.0, 11.0)->(2, 0)
[-16.7773838043213, 9.34256553649902, 0.156580224633217]::(237.0, 79.0, 149.0, 198.0)::(89.0, 11.0)->(2, 0)
[-17.2164077758789, 9.04020500183105, -0.0536408387124538]::(237.0, 79.0, 149.0, 198.0)::(89.0, 11.0)->(2, 0)
[-17.2734928131104, 9.85513210296631, -0.059183843433857]::(237.0, 79.0, 149.0, 198.0)::(96.0, 10.0)->(3, 0)
[-17.0925960540771, 10.7433185577393, -0.250593185424805]::(237.0, 79.0, 149.0, 198.0)::(100.0, 10.0)->(3, 0)
[-17.1776733398438, 9.82019996643066, -0.0444113202393055]::(237.0, 79.0, 149.0, 198.0)::(96.0, 10.0)->(3, 0)
[-16.8593635559082, 9.98519229888916, -0.135416552424431]::(237.0, 79.0, 149.0, 198.0)::(96.0, 10.0)->(3, 0)
[-17.3161964416504, 10.2027006149292, -0.229903608560562]::(237.0, 79.0, 149.0, 198.0)::(93.0, 10.0)->(3, 0)
[-17.1177062988281, 10.344165802002, -0.292925238609314]::(237.0, 79.0, 149.0, 198.0)::(96.0, 10.0)->(3, 0)
[-17.4246406555176, 10.3033208847046, -0.252763122320175]::(237.0, 79.0, 149.0, 198.0)::(96.0, 10.0)->(3, 0)
[-16.2330932617188, 10.419041633606, -0.371989607810974]::(237.0, 79.0, 149.0, 198.0)::(96.0, 10.0)->(3, 0)
[-17.190034866333, 10.5444459915161, -0.410421878099442]::(237.0, 79.0, 149.0, 198.0)::(100.0, 10.0)->(3, 0)
[-17.0392055511475, 10.2342510223389, -0.339576810598373]::(237.0, 79.0, 149.0, 198.0)::(106.0, 10.0)->(3, 0)
[-16.7143306732178, 10.2091474533081, -0.370184719562531]::(237.0, 79.0, 149.0, 198.0)::(106.0, 10.0)->(3, 0)
[-17.2635192871094, 9.6901216506958, -0.372529417276382]::(237.0, 79.0, 149.0, 198.0)::(100.0, 10.0)->(3, 0)
[-16.6738109588623, 10.0071382522583, -0.344002783298492]::(237.0, 79.0, 149.0, 198.0)::(103.0, 10.0)->(3, 0)
[-16.6082496643066, 10.1879043579102, -0.187710613012314]::(237.0, 79.0, 149.0, 198.0)::(103.0, 10.0)->(3, 0)
[-16.1909313201904, 9.86772918701172, -0.230497628450394]::(237.0, 79.0, 149.0, 198.0)::(103.0, 10.0)->(3, 0)
[-16.5043926239014, 9.80359172821045, -0.267261505126953]::(237.0, 79.0, 149.0, 198.0)::(103.0, 10.0)->(3, 0)
[-17.2053127288818, 9.70084381103516, -0.00149780511856079]::(237.0, 79.0, 149.0, 198.0)::(103.0, 10.0)->(3, 0)
[-16.5945739746094, 10.2634210586548, -0.335873156785965]::(237.0, 79.0, 149.0, 198.0)::(96.0, 10.0)->(3, 0)
[-16.3927516937256, 10.2842531204224, -0.44621741771698]::(237.0, 79.0, 149.0, 198.0)::(100.0, 10.0)->(3, 0)
[-17.3530044555664, 9.8938455581665, -0.319458246231079]::(237.0, 79.0, 149.0, 198.0)::(96.0, 10.0)->(3, 0)
[-16.863842010498, 9.88249969482422, -0.208261325955391]::(237.0, 79.0, 149.0, 198.0)::(103.0, 10.0)->(3, 0)
[-17.3555774688721, 9.92924213409424, -0.419408291578293]::(237.0, 79.0, 149.0, 198.0)::(103.0, 10.0)->(3, 0)
[-16.8132247924805, 9.69527721405029, -0.354065448045731]::(237.0, 79.0, 149.0, 198.0)::(100.0, 10.0)->(3, 0)
[-17.7801971435547, 9.93349075317383, -0.527485549449921]::(237.0, 79.0, 149.0, 198.0)::(106.0, 10.0)->(3, 0)
[-17.3696556091309, 10.4129362106323, -0.330097407102585]::(237.0, 79.0, 149.0, 198.0)::(103.0, 10.0)->(3, 0)
[-17.0213413238525, 10.5419502258301, -0.522810757160187]::(237.0, 79.0, 149.0, 198.0)::(103.0, 10.0)->(3, 0)
[-17.3147010803223, 10.0816841125488, -0.317014992237091]::(237.0, 79.0, 149.0, 198.0)::(100.0, 10.0)->(3, 0)
[-17.7075653076172, 9.99436092376709, -0.45139291882515]::(237.0, 79.0, 149.0, 198.0)::(100.0, 10.0)->(3, 0)
[-17.3995971679688, 10.3767099380493, -0.37238010764122]::(237.0, 79.0, 149.0, 198.0)::(100.0, 10.0)->(3, 0)
[-17.2797718048096, 9.99795436859131, -0.246235713362694]::(237.0, 79.0, 149.0, 198.0)::(103.0, 10.0)->(3, 0)
[-17.4613208770752, 10.381664276123, -0.211778074502945]::(237.0, 79.0, 149.0, 198.0)::(103.0, 10.0)->(3, 0)
[-17.5499229431152, 10.4781808853149, -0.468300610780716]::(237.0, 79.0, 149.0, 198.0)::(103.0, 10.0)->(3, 0)
[-16.3124351501465, 10.0453014373779, -0.230629697442055]::(237.0, 79.0, 149.0, 198.0)::(100.0, 10.0)->(3, 0)
[-16.7176036834717, 10.5126600265503, -0.146367028355598]::(237.0, 79.0, 149.0, 198.0)::(103.0, 10.0)->(3, 0)
[-17.5893459320068, 10.4345731735229, -0.312755316495895]::(237.0, 79.0, 149.0, 198.0)::(100.0, 10.0)->(3, 0)
[-17.7887840270996, 10.1835746765137, -0.362042248249054]::(237.0, 79.0, 149.0, 198.0)::(103.0, 10.0)->(3, 0)
[-17.5343627929688, 10.2083044052124, -0.345769494771957]::(237.0, 79.0, 149.0, 198.0)::(100.0, 10.0)->(3, 0)
[-17.1780738830566, 10.6290674209595, -0.281877547502518]::(237.0, 79.0, 149.0, 198.0)::(106.0, 10.0)->(3, 0)
[-17.6553421020508, 10.0859041213989, -0.222218960523605]::(237.0, 79.0, 149.0, 198.0)::(103.0, 10.0)->(3, 0)
[-17.3305702209473, 10.9533367156982, -0.511066019535065]::(237.0, 79.0, 149.0, 198.0)::(106.0, 10.0)->(3, 0)
[-17.8038101196289, 10.4723558425903, -0.291411429643631]::(237.0, 79.0, 149.0, 198.0)::(103.0, 10.0)->(3, 0)
[-16.7451477050781, 10.13330078125, -0.221254676580429]::(237.0, 79.0, 149.0, 198.0)::(106.0, 10.0)->(3, 0)
[-17.1630744934082, 9.94357204437256, -0.233812615275383]::(237.0, 79.0, 149.0, 198.0)::(106.0, 10.0)->(3, 0)
[-17.2288513183594, 10.5165090560913, -0.231267914175987]::(237.0, 79.0, 149.0, 198.0)::(103.0, 10.0)->(3, 0)
[-17.5416488647461, 9.88642501831055, -0.0678332671523094]::(237.0, 79.0, 149.0, 198.0)::(100.0, 10.0)->(3, 0)
[-17.3701496124268, 10.3034172058105, -0.0734245926141739]::(237.0, 79.0, 149.0, 198.0)::(100.0, 10.0)->(3, 0)
[-16.8731937408447, 10.4169235229492, -0.301435470581055]::(237.0, 79.0, 149.0, 198.0)::(100.0, 10.0)->(3, 0)
[-18.3164615631104, 10.0825166702271, -0.474832564592361]::(237.0, 79.0, 149.0, 198.0)::(100.0, 10.0)->(3, 0)
[-17.4030933380127, 10.4307832717896, -0.34565544128418]::(237.0, 79.0, 149.0, 198.0)::(100.0, 10.0)->(3, 0)
[-17.6657981872559, 9.90517330169678, -0.331021159887314]::(237.0, 79.0, 149.0, 198.0)::(103.0, 10.0)->(3, 0)
[-17.3466472625732, 10.5775928497314, -0.370852738618851]::(237.0, 79.0, 149.0, 198.0)::(103.0, 10.0)->(3, 0)
[-17.2197704315186, 10.0138330459595, -0.292691230773926]::(237.0, 79.0, 149.0, 198.0)::(106.0, 10.0)->(3, 0)
[-17.725154876709, 10.4094486236572, -0.249342352151871]::(237.0, 79.0, 149.0, 198.0)::(106.0, 10.0)->(3, 0)
[-17.1177978515625, 10.346661567688, -0.231817737221718]::(237.0, 79.0, 149.0, 198.0)::(103.0, 10.0)->(3, 0)
[-18.2491340637207, 10.1835603713989, -0.398156017065048]::(237.0, 79.0, 149.0, 198.0)::(106.0, 10.0)->(3, 0)
[-17.3253803253174, 9.39343547821045, -0.293878108263016]::(237.0, 79.0, 149.0, 198.0)::(106.0, 10.0)->(3, 0)
[-17.0565242767334, 10.5478181838989, -0.309157013893127]::(237.0, 79.0, 149.0, 198.0)::(106.0, 10.0)->(3, 0)
[-17.4164714813232, 10.6087255477905, -0.310563862323761]::(237.0, 79.0, 149.0, 198.0)::(103.0, 10.0)->(3, 0)
[-17.2983875274658, 10.3846549987793, -0.318300634622574]::(237.0, 79.0, 149.0, 198.0)::(103.0, 10.0)->(3, 0)
[-17.7474308013916, 10.0401592254639, -0.37806898355484]::(237.0, 79.0, 149.0, 198.0)::(103.0, 10.0)->(3, 0)
[-17.0099182128906, 9.92709350585938, -0.319670051336288]::(237.0, 79.0, 149.0, 198.0)::(106.0, 10.0)->(3, 0)
[-17.6258487701416, 10.081467628479, -0.353548318147659]::(237.0, 79.0, 149.0, 198.0)::(100.0, 10.0)->(3, 0)
[-17.5996875762939, 10.8735275268555, -0.468926846981049]::(238.0, 74.0, 157.0, 209.0)::(106.0, 10.0)->(3, 0)
[-17.1652679443359, 10.2748203277588, -0.217779234051704]::(238.0, 74.0, 157.0, 209.0)::(106.0, 10.0)->(3, 0)
[-17.6404399871826, 10.7019052505493, -0.418644219636917]::(245.0, 77.0, 147.0, 196.0)::(106.0, 10.0)->(3, 0)
[-16.9978351593018, 10.9308300018311, -0.53671795129776]::(245.0, 77.0, 147.0, 196.0)::(106.0, 10.0)->(3, 0)
[-17.401668548584, 10.3153419494629, -0.531204640865326]::(245.0, 77.0, 147.0, 196.0)::(106.0, 10.0)->(3, 0)
[-16.9822235107422, 9.70201587677002, -0.182754844427109]::(245.0, 77.0, 147.0, 196.0)::(100.0, 10.0)->(3, 0)
[-17.1921901702881, 10.5337543487549, -0.618332386016846]::(245.0, 77.0, 147.0, 196.0)::(100.0, 10.0)->(3, 0)
[-17.4016761779785, 10.8105716705322, -0.875602960586548]::(245.0, 77.0, 147.0, 196.0)::(103.0, 10.0)->(3, 0)
[-17.3397254943848, 10.5905494689941, -0.609618425369263]::(245.0, 77.0, 147.0, 196.0)::(103.0, 10.0)->(3, 0)
[-18.1942329406738, 10.6367540359497, -0.847638249397278]::(245.0, 77.0, 147.0, 196.0)::(103.0, 10.0)->(3, 0)
[-18.1354370117188, 10.7064752578735, -0.786374509334564]::(245.0, 77.0, 147.0, 196.0)::(103.0, 10.0)->(3, 0)
[-17.2388820648193, 10.5183639526367, -0.569477081298828]::(245.0, 77.0, 147.0, 196.0)::(103.0, 10.0)->(3, 0)
[-17.1019153594971, 10.5100193023682, -0.530852615833282]::(245.0, 77.0, 147.0, 196.0)::(103.0, 10.0)->(3, 0)
[-17.0272750854492, 10.6677112579346, -0.496167451143265]::(245.0, 77.0, 147.0, 196.0)::(103.0, 10.0)->(3, 0)
[-18.0422458648682, 10.6290121078491, -0.614258706569672]::(245.0, 77.0, 147.0, 196.0)::(103.0, 10.0)->(3, 0)
[-17.2338027954102, 10.6418895721436, -0.503717541694641]::(245.0, 77.0, 147.0, 196.0)::(103.0, 10.0)->(3, 0)
[-17.7510833740234, 10.8393144607544, -0.803415238857269]::(245.0, 77.0, 147.0, 196.0)::(103.0, 10.0)->(3, 0)
[-18.0442905426025, 10.7641677856445, -0.822651624679565]::(245.0, 77.0, 147.0, 196.0)::(103.0, 10.0)->(3, 0)
[-17.185489654541, 10.6147317886353, -0.549286425113678]::(245.0, 77.0, 147.0, 196.0)::(103.0, 10.0)->(3, 0)
[-17.477237701416, 10.3060817718506, -0.486008614301682]::(245.0, 77.0, 147.0, 196.0)::(103.0, 10.0)->(3, 0)
[-17.6457328796387, 10.3634414672852, -0.482433557510376]::(245.0, 77.0, 147.0, 196.0)::(103.0, 10.0)->(3, 0)
[-16.7282791137695, 9.8967170715332, -0.273216754198074]::(245.0, 77.0, 147.0, 196.0)::(103.0, 10.0)->(3, 0)
[-16.6572284698486, 10.4178638458252, -0.369113236665726]::(245.0, 77.0, 147.0, 196.0)::(100.0, 10.0)->(3, 0)
[-17.5878257751465, 10.1817016601562, -0.446394175291061]::(245.0, 77.0, 147.0, 196.0)::(100.0, 10.0)->(3, 0)
[-17.5417881011963, 10.2161731719971, -0.499288111925125]::(245.0, 77.0, 147.0, 196.0)::(100.0, 10.0)->(3, 0)
[-17.9617824554443, 10.4382238388062, -0.546987295150757]::(245.0, 77.0, 147.0, 196.0)::(100.0, 10.0)->(3, 0)
[-17.8080310821533, 10.9122476577759, -0.58639657497406]::(245.0, 77.0, 147.0, 196.0)::(103.0, 10.0)->(3, 0)
[-18.1390705108643, 10.9610471725464, -0.347611397504807]::(245.0, 77.0, 147.0, 196.0)::(103.0, 10.0)->(3, 0)
[-17.0454921722412, 10.9776420593262, -0.28525373339653]::(242.0, 77.0, 148.0, 197.0)::(117.0, 10.0)->(4, 0)
[-17.2462844848633, 11.3025159835815, -0.176391035318375]::(242.0, 77.0, 148.0, 197.0)::(117.0, 10.0)->(4, 0)
[-17.6309204101562, 10.4894371032715, -0.111312553286552]::(242.0, 77.0, 148.0, 197.0)::(117.0, 10.0)->(4, 0)
[-16.9531555175781, 10.9590196609497, -0.198860749602318]::(242.0, 77.0, 148.0, 197.0)::(117.0, 10.0)->(4, 0)
[-17.3983211517334, 10.826566696167, -0.189545840024948]::(242.0, 77.0, 148.0, 197.0)::(117.0, 10.0)->(4, 0)
[-17.3718814849854, 11.0227079391479, -0.266822427511215]::(242.0, 77.0, 148.0, 197.0)::(117.0, 10.0)->(4, 0)
[-16.9125595092773, 10.6965293884277, -0.125483766198158]::(242.0, 77.0, 148.0, 197.0)::(117.0, 10.0)->(4, 0)
[-17.1987400054932, 11.1868839263916, -0.215682342648506]::(242.0, 77.0, 148.0, 197.0)::(117.0, 10.0)->(4, 0)
[-17.6982116699219, 10.7774457931519, -0.0991154611110687]::(242.0, 77.0, 148.0, 197.0)::(117.0, 10.0)->(4, 0)
[-17.2990016937256, 11.3430337905884, -0.194050550460815]::(242.0, 77.0, 148.0, 197.0)::(117.0, 10.0)->(4, 0)
[-16.9778251647949, 11.3191423416138, -0.159417897462845]::(242.0, 77.0, 148.0, 197.0)::(117.0, 10.0)->(4, 0)
[-16.9213924407959, 10.5696973800659, -0.135809704661369]::(242.0, 77.0, 148.0, 197.0)::(117.0, 10.0)->(4, 0)
[-17.485954284668, 10.615330696106, -0.0955028310418129]::(242.0, 77.0, 148.0, 197.0)::(117.0, 10.0)->(4, 0)
[-17.589075088501, 10.4960060119629, -0.0938153639435768]::(242.0, 77.0, 148.0, 197.0)::(117.0, 10.0)->(4, 0)
[-17.3018074035645, 11.244026184082, -0.18608894944191]::(242.0, 77.0, 148.0, 197.0)::(117.0, 10.0)->(4, 0)
[-17.9147434234619, 10.5527811050415, -0.101501472294331]::(242.0, 77.0, 148.0, 197.0)::(117.0, 10.0)->(4, 0)
[-17.2318077087402, 10.4489526748657, -0.177459999918938]::(242.0, 77.0, 148.0, 197.0)::(117.0, 10.0)->(4, 0)
[-17.8102722167969, 11.3483514785767, -0.224525794386864]::(242.0, 77.0, 148.0, 197.0)::(117.0, 10.0)->(4, 0)
[-17.938943862915, 11.2794742584229, -0.167147934436798]::(242.0, 77.0, 148.0, 197.0)::(117.0, 10.0)->(4, 0)
[-16.9947929382324, 10.3691577911377, 0.0163449887186289]::(242.0, 77.0, 148.0, 197.0)::(117.0, 10.0)->(4, 0)
[-17.8867893218994, 11.2069358825684, -0.319071292877197]::(242.0, 77.0, 148.0, 197.0)::(117.0, 10.0)->(4, 0)
[-17.6149120330811, 11.2038469314575, -0.282292276620865]::(242.0, 77.0, 148.0, 197.0)::(117.0, 10.0)->(4, 0)
[-17.2417259216309, 11.1670246124268, -0.207810804247856]::(242.0, 77.0, 148.0, 197.0)::(121.0, 10.0)->(4, 0)
[-16.915225982666, 10.8062314987183, -0.173656225204468]::(242.0, 77.0, 148.0, 197.0)::(121.0, 10.0)->(4, 0)
[-15.6245756149292, 10.7368421554565, 0.0966531038284302]::(242.0, 77.0, 148.0, 197.0)::(121.0, 10.0)->(4, 0)
[-17.5306072235107, 10.6448040008545, -0.230729073286057]::(242.0, 77.0, 148.0, 197.0)::(121.0, 10.0)->(4, 0)
[-17.5696563720703, 11.0814962387085, -0.267842710018158]::(242.0, 77.0, 148.0, 197.0)::(121.0, 10.0)->(4, 0)
[-17.1828384399414, 11.5482931137085, -0.445344150066376]::(242.0, 77.0, 148.0, 197.0)::(121.0, 10.0)->(4, 0)
[-16.9926013946533, 10.8769683837891, -0.225060358643532]::(242.0, 77.0, 148.0, 197.0)::(121.0, 10.0)->(4, 0)
[-16.4220638275146, 10.464506149292, -0.33398249745369]::(242.0, 77.0, 148.0, 197.0)::(125.0, 10.0)->(4, 0)
[-17.3086013793945, 11.3535614013672, -0.417021691799164]::(242.0, 77.0, 148.0, 197.0)::(125.0, 10.0)->(4, 0)
[-17.5897426605225, 11.1124744415283, -0.418088465929031]::(242.0, 77.0, 148.0, 197.0)::(125.0, 10.0)->(4, 0)
[-17.7014293670654, 11.2753257751465, -0.540181040763855]::(242.0, 77.0, 148.0, 197.0)::(125.0, 10.0)->(4, 0)
[-17.1063537597656, 11.026198387146, -0.68705290555954]::(242.0, 77.0, 148.0, 197.0)::(125.0, 10.0)->(4, 0)
[-18.3609180450439, 11.1130495071411, -0.630888998508453]::(242.0, 77.0, 148.0, 197.0)::(125.0, 10.0)->(4, 0)
[-18.1103458404541, 11.9713268280029, -0.6715087890625]::(242.0, 77.0, 148.0, 197.0)::(125.0, 10.0)->(4, 0)
[-17.2863922119141, 11.4687662124634, -0.546868085861206]::(242.0, 77.0, 148.0, 197.0)::(125.0, 10.0)->(4, 0)
[-18.3112373352051, 11.068639755249, -0.588297307491302]::(242.0, 77.0, 148.0, 197.0)::(125.0, 10.0)->(4, 0)
[-16.1889820098877, 11.1355724334717, -0.424315005540848]::(242.0, 77.0, 148.0, 197.0)::(125.0, 10.0)->(4, 0)
[-18.075403213501, 11.4369487762451, -0.464888662099838]::(242.0, 77.0, 148.0, 197.0)::(125.0, 10.0)->(4, 0)
[-17.1777629852295, 11.19957447052, -0.373310685157776]::(242.0, 77.0, 148.0, 197.0)::(121.0, 10.0)->(4, 0)
[-17.476505279541, 12.0046482086182, -0.718263208866119]::(242.0, 77.0, 148.0, 197.0)::(121.0, 10.0)->(4, 0)
[-17.122444152832, 11.3039321899414, -0.331834971904755]::(242.0, 77.0, 148.0, 197.0)::(125.0, 10.0)->(4, 0)
[-17.1859035491943, 10.4720659255981, -0.124264650046825]::(242.0, 77.0, 148.0, 197.0)::(125.0, 10.0)->(4, 0)
[-16.7486114501953, 10.7316417694092, -0.236857518553734]::(242.0, 77.0, 148.0, 197.0)::(125.0, 10.0)->(4, 0)
[-17.3762474060059, 11.7056827545166, -0.439880192279816]::(242.0, 77.0, 148.0, 197.0)::(121.0, 10.0)->(4, 0)
[-16.2415981292725, 11.3623323440552, -0.318203806877136]::(242.0, 77.0, 148.0, 197.0)::(121.0, 10.0)->(4, 0)
[-17.2369995117188, 11.0326251983643, -0.445826321840286]::(242.0, 77.0, 148.0, 197.0)::(121.0, 10.0)->(4, 0)
[-16.6953430175781, 11.497504234314, -0.424510151147842]::(242.0, 77.0, 148.0, 197.0)::(125.0, 10.0)->(4, 0)
[-17.3123111724854, 11.4879179000854, -0.292136609554291]::(242.0, 77.0, 148.0, 197.0)::(121.0, 10.0)->(4, 0)
[-17.1506633758545, 11.1941442489624, -0.474273830652237]::(242.0, 77.0, 148.0, 197.0)::(125.0, 10.0)->(4, 0)
[-17.6479377746582, 11.6539392471313, -0.684616029262543]::(242.0, 77.0, 148.0, 197.0)::(125.0, 10.0)->(4, 0)
[-18.3316135406494, 10.8997831344604, -0.458732277154922]::(242.0, 77.0, 148.0, 197.0)::(125.0, 10.0)->(4, 0)
[-17.1757373809814, 10.8673782348633, -0.287480086088181]::(242.0, 77.0, 148.0, 197.0)::(125.0, 10.0)->(4, 0)
[-16.7231121063232, 11.5610914230347, -0.206397593021393]::(242.0, 77.0, 148.0, 197.0)::(125.0, 10.0)->(4, 0)
[-17.1966323852539, 10.8010807037354, -0.44166761636734]::(242.0, 77.0, 148.0, 197.0)::(125.0, 10.0)->(4, 0)
[-17.2954044342041, 11.2028875350952, -0.413673520088196]::(242.0, 77.0, 148.0, 197.0)::(125.0, 10.0)->(4, 0)
[-16.9017887115479, 11.6969766616821, -0.55704128742218]::(242.0, 77.0, 148.0, 197.0)::(107.0, 11.0)->(4, 0)
[-17.2089977264404, 11.6799612045288, -0.524109244346619]::(242.0, 77.0, 148.0, 197.0)::(107.0, 11.0)->(4, 0)
[-16.903528213501, 11.3748531341553, -0.533628225326538]::(242.0, 77.0, 148.0, 197.0)::(107.0, 11.0)->(4, 0)
[-16.6655578613281, 11.8320465087891, -0.541104376316071]::(242.0, 77.0, 148.0, 197.0)::(107.0, 11.0)->(4, 0)
[-17.4350910186768, 11.231107711792, -0.532188832759857]::(242.0, 77.0, 148.0, 197.0)::(107.0, 11.0)->(4, 0)
[-17.2810382843018, 11.5755405426025, -0.589934825897217]::(242.0, 77.0, 148.0, 197.0)::(107.0, 11.0)->(4, 0)
[-17.9821014404297, 11.7898931503296, -0.745919585227966]::(242.0, 77.0, 148.0, 197.0)::(107.0, 11.0)->(4, 0)
[-17.8292274475098, 11.9378824234009, -0.791143655776978]::(242.0, 77.0, 148.0, 197.0)::(107.0, 11.0)->(4, 0)
[-18.1054058074951, 11.2589426040649, -0.452426880598068]::(242.0, 77.0, 148.0, 197.0)::(107.0, 11.0)->(4, 0)
[-18.0039463043213, 11.0904903411865, -0.622728943824768]::(242.0, 77.0, 148.0, 197.0)::(107.0, 11.0)->(4, 0)
[-17.6222763061523, 11.6029863357544, -0.529826104640961]::(242.0, 77.0, 148.0, 197.0)::(107.0, 11.0)->(4, 0)
[-17.7321147918701, 11.4931945800781, -0.513688206672668]::(242.0, 77.0, 148.0, 197.0)::(107.0, 11.0)->(4, 0)
[-17.7001514434814, 11.4188680648804, -0.434769183397293]::(242.0, 77.0, 148.0, 197.0)::(110.0, 11.0)->(4, 0)
[-17.0923137664795, 11.7983598709106, -0.561905920505524]::(242.0, 77.0, 148.0, 197.0)::(110.0, 11.0)->(4, 0)
[-16.8749485015869, 11.5946836471558, -0.466593325138092]::(242.0, 77.0, 148.0, 197.0)::(110.0, 11.0)->(4, 0)
[-17.1551399230957, 11.6339025497437, -0.635170459747314]::(242.0, 77.0, 148.0, 197.0)::(110.0, 11.0)->(4, 0)
[-17.5177745819092, 11.3100728988647, -0.669629037380219]::(242.0, 77.0, 148.0, 197.0)::(110.0, 11.0)->(4, 0)
[-17.1059341430664, 11.9331712722778, -0.638343751430511]::(242.0, 77.0, 148.0, 197.0)::(110.0, 11.0)->(4, 0)
[-17.8558444976807, 11.5126733779907, -0.595916271209717]::(242.0, 77.0, 148.0, 197.0)::(110.0, 11.0)->(4, 0)
[-17.23046875, 11.527494430542, -0.55263340473175]::(242.0, 77.0, 148.0, 197.0)::(110.0, 11.0)->(4, 0)
[-17.2473258972168, 11.0151414871216, -0.538023054599762]::(242.0, 77.0, 148.0, 197.0)::(110.0, 11.0)->(4, 0)
[-17.6020469665527, 10.87424659729, -0.492625683546066]::(243.0, 74.0, 156.0, 208.0)::(110.0, 11.0)->(4, 0)
[-17.9417781829834, 11.1865148544312, -0.691699981689453]::(246.0, 76.0, 148.0, 197.0)::(110.0, 11.0)->(4, 0)
[-18.0117568969727, 10.9172134399414, -0.619303166866302]::(246.0, 76.0, 148.0, 197.0)::(110.0, 11.0)->(4, 0)
[-17.7696914672852, 11.3061418533325, -0.648435115814209]::(246.0, 76.0, 148.0, 197.0)::(110.0, 11.0)->(4, 0)
[-17.5304336547852, 11.9298505783081, -0.583107113838196]::(246.0, 76.0, 148.0, 197.0)::(110.0, 11.0)->(4, 0)
[-17.8452625274658, 10.8755779266357, -0.677183926105499]::(246.0, 76.0, 148.0, 197.0)::(110.0, 11.0)->(4, 0)
[-17.8274974822998, 11.410532951355, -0.749071061611176]::(246.0, 76.0, 148.0, 197.0)::(110.0, 11.0)->(4, 0)
[-18.1385707855225, 11.2528285980225, -0.839583277702332]::(246.0, 76.0, 148.0, 197.0)::(110.0, 11.0)->(4, 0)
[-17.3225383758545, 12.0128545761108, -0.838213920593262]::(246.0, 76.0, 148.0, 197.0)::(110.0, 11.0)->(4, 0)
[-17.7790431976318, 11.1033515930176, -0.586296439170837]::(246.0, 76.0, 148.0, 197.0)::(110.0, 11.0)->(4, 0)
[-18.4234962463379, 11.5377292633057, -0.937843561172485]::(246.0, 76.0, 148.0, 197.0)::(107.0, 11.0)->(4, 0)
[-17.4109706878662, 11.253210067749, -0.640463352203369]::(246.0, 76.0, 148.0, 197.0)::(110.0, 11.0)->(4, 0)
