[-18.3781242370605, -9.52695941925049, 2.70443797111511]::(235.0, 58.0, 193.0, 257.0)::(69.0, 12.0)->(0, 0)
[-19.5676956176758, -10.1152334213257, 3.06407785415649]::(235.0, 58.0, 193.0, 257.0)::(66.0, 12.0)->(0, 0)
[-18.5816993713379, -10.254340171814, 2.64245557785034]::(235.0, 58.0, 193.0, 257.0)::(69.0, 12.0)->(0, 0)
[-19.2710781097412, -10.0190935134888, 2.56959223747253]::(235.0, 58.0, 193.0, 257.0)::(69.0, 12.0)->(0, 0)
[-18.9730052947998, -10.3363609313965, 2.73581981658936]::(235.0, 58.0, 193.0, 257.0)::(69.0, 12.0)->(0, 0)
[-19.6535148620605, -10.0347995758057, 2.6983277797699]::(235.0, 58.0, 193.0, 257.0)::(66.0, 12.0)->(0, 0)
[-19.315544128418, -10.1271505355835, 2.72955226898193]::(235.0, 58.0, 193.0, 257.0)::(66.0, 12.0)->(0, 0)
[-18.9449939727783, -9.84860038757324, 2.63454580307007]::(235.0, 58.0, 193.0, 257.0)::(61.0, 12.0)->(0, 0)
[-18.8232250213623, -10.0638866424561, 2.59914946556091]::(235.0, 58.0, 193.0, 257.0)::(61.0, 12.0)->(0, 0)
[-18.3653392791748, -8.91284942626953, 2.52636432647705]::(235.0, 58.0, 193.0, 257.0)::(69.0, 12.0)->(0, 0)
[-18.7357769012451, -9.74429416656494, 2.05125427246094]::(241.0, 65.0, 182.0, 242.0)::(71.0, 12.0)->(0, 0)
[-19.0231533050537, -9.33548450469971, 2.72279977798462]::(229.0, 54.0, 198.0, 264.0)::(61.0, 12.0)->(0, 0)
[-18.7945175170898, -9.56448364257812, 2.74952840805054]::(236.0, 61.0, 185.0, 246.0)::(71.0, 12.0)->(0, 0)
[-19.1955604553223, -9.92483806610107, 2.67448687553406]::(231.0, 56.0, 200.0, 266.0)::(71.0, 12.0)->(0, 0)
[-19.4800434112549, -10.3282852172852, 2.80468511581421]::(231.0, 56.0, 200.0, 266.0)::(71.0, 12.0)->(0, 0)
[-19.0027236938477, -9.65273284912109, 2.56187605857849]::(231.0, 56.0, 200.0, 266.0)::(61.0, 12.0)->(0, 0)
[-18.9799537658691, -9.62216186523438, 2.78047156333923]::(231.0, 56.0, 200.0, 266.0)::(69.0, 12.0)->(0, 0)
[-18.8062992095947, -9.76757431030273, 2.59569096565247]::(231.0, 56.0, 200.0, 266.0)::(69.0, 12.0)->(0, 0)
[-19.1164779663086, -9.77588939666748, 2.64628076553345]::(231.0, 56.0, 200.0, 266.0)::(69.0, 12.0)->(0, 0)
[-19.2447814941406, -9.99761390686035, 3.00977468490601]::(231.0, 56.0, 200.0, 266.0)::(69.0, 12.0)->(0, 0)
[-19.0919227600098, -10.1735792160034, 2.85438466072083]::(238.0, 58.0, 191.0, 254.0)::(61.0, 12.0)->(0, 0)
[-18.8560066223145, -10.2837066650391, 2.7145402431488]::(238.0, 58.0, 191.0, 254.0)::(61.0, 12.0)->(0, 0)
[-18.951042175293, -10.3819246292114, 2.67724132537842]::(238.0, 58.0, 191.0, 254.0)::(61.0, 12.0)->(0, 0)
[-18.4744777679443, -9.87443065643311, 2.72284841537476]::(238.0, 58.0, 191.0, 254.0)::(66.0, 12.0)->(0, 0)
[-18.7880058288574, -10.3010816574097, 2.64032864570618]::(238.0, 58.0, 191.0, 254.0)::(66.0, 12.0)->(0, 0)
[-19.2947864532471, -10.0917501449585, 2.51258945465088]::(238.0, 58.0, 191.0, 254.0)::(69.0, 12.0)->(0, 0)
[-18.6827354431152, -10.4484043121338, 2.54458141326904]::(238.0, 58.0, 191.0, 254.0)::(69.0, 12.0)->(0, 0)
[-19.4037494659424, -10.0628414154053, 2.65653014183044]::(238.0, 58.0, 191.0, 254.0)::(61.0, 12.0)->(0, 0)
[-18.7985858917236, -9.99565982818604, 2.89180564880371]::(238.0, 58.0, 191.0, 254.0)::(64.0, 12.0)->(0, 0)
[-18.9941520690918, -10.1975660324097, 2.80476784706116]::(238.0, 58.0, 191.0, 254.0)::(64.0, 12.0)->(0, 0)
[-19.6848487854004, -10.2265501022339, 2.87569117546082]::(237.0, 64.0, 182.0, 242.0)::(61.0, 12.0)->(0, 0)
[-19.0340461730957, -10.0281000137329, 2.54854011535645]::(237.0, 64.0, 182.0, 242.0)::(61.0, 12.0)->(0, 0)
[-19.7797527313232, -10.1399621963501, 2.50896501541138]::(237.0, 64.0, 182.0, 242.0)::(66.0, 12.0)->(0, 0)
[-19.0921421051025, -9.94146156311035, 2.39509677886963]::(235.0, 56.0, 191.0, 254.0)::(61.0, 12.0)->(0, 0)
[-18.6893939971924, -9.34414958953857, 2.62728261947632]::(235.0, 56.0, 191.0, 254.0)::(69.0, 12.0)->(0, 0)
[-18.9221801757812, -9.8843355178833, 2.86557698249817]::(235.0, 56.0, 191.0, 254.0)::(69.0, 12.0)->(0, 0)
[-19.4502773284912, -10.3473844528198, 3.07372522354126]::(229.0, 52.0, 201.0, 268.0)::(61.0, 12.0)->(0, 0)
[-19.4050598144531, -9.84867191314697, 2.56213903427124]::(229.0, 52.0, 201.0, 268.0)::(64.0, 12.0)->(0, 0)
[-19.9673538208008, -10.4239530563354, 2.83816075325012]::(235.0, 59.0, 189.0, 252.0)::(61.0, 12.0)->(0, 0)
[-18.7416973114014, -10.9450626373291, 2.87300086021423]::(235.0, 59.0, 189.0, 252.0)::(58.0, 12.0)->(0, 0)
[-18.3270416259766, -9.78376579284668, 2.71144556999207]::(235.0, 59.0, 189.0, 252.0)::(66.0, 12.0)->(0, 0)
[-18.6750202178955, -10.2900390625, 2.78719544410706]::(235.0, 59.0, 189.0, 252.0)::(66.0, 12.0)->(0, 0)
[-17.8868923187256, -10.6645784378052, 2.75073885917664]::(235.0, 59.0, 189.0, 252.0)::(64.0, 12.0)->(0, 0)
[-18.5006427764893, -11.1442356109619, 2.86532640457153]::(235.0, 59.0, 189.0, 252.0)::(64.0, 12.0)->(0, 0)
[-19.0483226776123, -9.72408771514893, 2.60648846626282]::(235.0, 59.0, 189.0, 252.0)::(64.0, 12.0)->(0, 0)
[-18.0001735687256, -9.8955545425415, 2.42704796791077]::(235.0, 59.0, 189.0, 252.0)::(64.0, 12.0)->(0, 0)
[-19.5603179931641, -10.4019651412964, 2.77807116508484]::(235.0, 59.0, 189.0, 252.0)::(64.0, 12.0)->(0, 0)
[-18.9463710784912, -10.3747005462646, 2.64938688278198]::(235.0, 59.0, 189.0, 252.0)::(58.0, 12.0)->(0, 0)
[-18.1583690643311, -10.4791479110718, 2.38554167747498]::(235.0, 59.0, 189.0, 252.0)::(56.0, 12.0)->(0, 0)
[-19.0730037689209, -9.70456409454346, 2.66772747039795]::(235.0, 59.0, 189.0, 252.0)::(64.0, 12.0)->(0, 0)
[-19.0136413574219, -10.0102376937866, 2.85108923912048]::(235.0, 59.0, 189.0, 252.0)::(64.0, 12.0)->(0, 0)
[-18.6910552978516, -9.54717063903809, 2.50419211387634]::(235.0, 59.0, 189.0, 252.0)::(66.0, 12.0)->(0, 0)
[-19.237174987793, -10.0425405502319, 2.50553798675537]::(235.0, 59.0, 189.0, 252.0)::(58.0, 12.0)->(0, 0)
[-19.3737373352051, -9.94591045379639, 2.61386251449585]::(235.0, 59.0, 189.0, 252.0)::(64.0, 12.0)->(0, 0)
[-18.999906539917, -10.241021156311, 2.56652402877808]::(235.0, 59.0, 189.0, 252.0)::(56.0, 12.0)->(0, 0)
[-19.3696479797363, -10.3353137969971, 2.55637431144714]::(235.0, 59.0, 189.0, 252.0)::(56.0, 12.0)->(0, 0)
[-19.3404273986816, -10.2682800292969, 2.40925741195679]::(235.0, 59.0, 189.0, 252.0)::(64.0, 12.0)->(0, 0)
[-19.6547794342041, -10.3324298858643, 2.75200438499451]::(235.0, 59.0, 189.0, 252.0)::(64.0, 12.0)->(0, 0)
[-18.9095840454102, -10.143105506897, 2.5818727016449]::(235.0, 59.0, 189.0, 252.0)::(64.0, 12.0)->(0, 0)
[-18.7146492004395, -10.3084917068481, 2.59950613975525]::(235.0, 59.0, 189.0, 252.0)::(58.0, 12.0)->(0, 0)
[-18.6458549499512, -9.95323657989502, 2.57156944274902]::(235.0, 59.0, 189.0, 252.0)::(61.0, 12.0)->(0, 0)
[-19.2275886535645, -10.3272342681885, 2.78752875328064]::(230.0, 54.0, 201.0, 268.0)::(61.0, 12.0)->(0, 0)
[-18.8965663909912, -10.3176307678223, 2.62373042106628]::(235.0, 60.0, 187.0, 249.0)::(61.0, 12.0)->(0, 0)
[-19.5402393341064, -10.3527612686157, 2.77477240562439]::(235.0, 60.0, 187.0, 249.0)::(61.0, 12.0)->(0, 0)
[-18.7695579528809, -9.76535034179688, 2.42005181312561]::(235.0, 60.0, 187.0, 249.0)::(61.0, 12.0)->(0, 0)
[-19.1123332977295, -10.4809427261353, 2.40642356872559]::(235.0, 60.0, 187.0, 249.0)::(61.0, 12.0)->(0, 0)
[-19.0379753112793, -9.99715614318848, 2.70440697669983]::(230.0, 56.0, 196.0, 261.0)::(61.0, 12.0)->(0, 0)
[-19.1017456054688, -10.5264520645142, 2.59105682373047]::(230.0, 56.0, 196.0, 261.0)::(61.0, 12.0)->(0, 0)
[-19.0956954956055, -10.5188465118408, 2.87259864807129]::(230.0, 56.0, 196.0, 261.0)::(61.0, 12.0)->(0, 0)
[-19.2808780670166, -10.761528968811, 2.93257093429565]::(236.0, 61.0, 183.0, 244.0)::(53.0, 12.0)->(0, 0)
[-19.64501953125, -10.4846048355103, 2.95288014411926]::(230.0, 56.0, 195.0, 260.0)::(56.0, 12.0)->(0, 0)
[-18.4762134552002, -10.6762762069702, 2.73280191421509]::(230.0, 56.0, 195.0, 260.0)::(53.0, 12.0)->(0, 0)
[-18.2595691680908, -9.94498348236084, 2.52995181083679]::(230.0, 56.0, 195.0, 260.0)::(61.0, 12.0)->(0, 0)
[-19.2732639312744, -10.1981859207153, 2.71537470817566]::(230.0, 56.0, 195.0, 260.0)::(61.0, 12.0)->(0, 0)
[-19.7568244934082, -10.5268239974976, 2.96837735176086]::(230.0, 56.0, 195.0, 260.0)::(56.0, 12.0)->(0, 0)
[-19.3611011505127, -10.0637292861938, 2.78669571876526]::(230.0, 56.0, 195.0, 260.0)::(56.0, 12.0)->(0, 0)
[-19.4175891876221, -10.6265487670898, 2.99445343017578]::(230.0, 56.0, 195.0, 260.0)::(56.0, 12.0)->(0, 0)
[-19.5660343170166, -10.8680772781372, 3.12580895423889]::(230.0, 56.0, 195.0, 260.0)::(61.0, 12.0)->(0, 0)
[-18.7261238098145, -9.54921722412109, 2.57311224937439]::(236.0, 58.0, 187.0, 249.0)::(61.0, 12.0)->(0, 0)
[-19.6186771392822, -10.3404664993286, 2.58772897720337]::(236.0, 58.0, 187.0, 249.0)::(64.0, 12.0)->(0, 0)
[-18.9677543640137, -10.2414693832397, 2.72052025794983]::(233.0, 55.0, 196.0, 261.0)::(58.0, 12.0)->(0, 0)
[-18.983060836792, -10.4929351806641, 2.82307696342468]::(233.0, 55.0, 196.0, 261.0)::(64.0, 12.0)->(0, 0)
[-18.363452911377, -10.1178159713745, 2.67455220222473]::(233.0, 55.0, 196.0, 261.0)::(64.0, 12.0)->(0, 0)
[-18.861572265625, -10.1686449050903, 2.88933825492859]::(233.0, 55.0, 196.0, 261.0)::(61.0, 12.0)->(0, 0)
[-18.9022541046143, -10.1635141372681, 2.72379422187805]::(233.0, 55.0, 196.0, 261.0)::(56.0, 12.0)->(0, 0)
[-19.3774013519287, -10.4384098052979, 2.82454514503479]::(233.0, 55.0, 196.0, 261.0)::(58.0, 12.0)->(0, 0)
[-19.2547245025635, -10.2535266876221, 2.73710775375366]::(233.0, 55.0, 196.0, 261.0)::(56.0, 12.0)->(0, 0)
[-18.2306385040283, -10.2399892807007, 2.6341118812561]::(239.0, 63.0, 183.0, 244.0)::(56.0, 12.0)->(0, 0)
[-19.1836528778076, -10.8041667938232, 2.6445415019989]::(232.0, 52.0, 197.0, 262.0)::(58.0, 12.0)->(0, 0)
[-19.0712127685547, -9.42266654968262, 2.37129902839661]::(232.0, 52.0, 197.0, 262.0)::(58.0, 12.0)->(0, 0)
[-19.6696720123291, -10.6978330612183, 2.5067765712738]::(229.0, 55.0, 196.0, 261.0)::(94.0, 11.0)->(1, 0)
[-19.2553443908691, -10.9796848297119, 2.55214738845825]::(229.0, 55.0, 196.0, 261.0)::(100.0, 11.0)->(1, 0)
[-18.7432556152344, -10.7376823425293, 2.43377423286438]::(229.0, 55.0, 196.0, 261.0)::(92.0, 11.0)->(1, 0)
[-18.9818534851074, -10.8607263565063, 2.38349175453186]::(229.0, 55.0, 196.0, 261.0)::(89.0, 11.0)->(1, 0)
[-19.7477016448975, -10.6241607666016, 2.50686883926392]::(229.0, 55.0, 196.0, 261.0)::(86.0, 11.0)->(1, 0)
[-19.5443859100342, -10.8446712493896, 2.54920077323914]::(229.0, 55.0, 196.0, 261.0)::(92.0, 11.0)->(1, 0)
[-18.9354801177979, -10.8614082336426, 2.26365208625793]::(229.0, 55.0, 196.0, 261.0)::(86.0, 11.0)->(1, 0)
[-19.4362487792969, -9.97710800170898, 2.27893114089966]::(229.0, 55.0, 196.0, 261.0)::(94.0, 11.0)->(1, 0)
[-19.4486675262451, -11.7954874038696, 2.46736764907837]::(229.0, 55.0, 196.0, 261.0)::(97.0, 11.0)->(1, 0)
[-19.6726055145264, -11.1958160400391, 2.4849591255188]::(229.0, 55.0, 196.0, 261.0)::(92.0, 11.0)->(1, 0)
[-19.7292098999023, -10.6754207611084, 2.63343548774719]::(229.0, 53.0, 205.0, 273.0)::(100.0, 11.0)->(1, 0)
[-19.3003044128418, -11.3450689315796, 2.70614385604858]::(229.0, 53.0, 205.0, 273.0)::(86.0, 11.0)->(1, 0)
[-19.0445556640625, -11.560845375061, 2.62605905532837]::(232.0, 54.0, 197.0, 262.0)::(86.0, 11.0)->(1, 0)
[-18.4573135375977, -10.6348247528076, 2.39739346504211]::(232.0, 54.0, 197.0, 262.0)::(86.0, 11.0)->(1, 0)
[-19.7846755981445, -10.8149032592773, 2.52469611167908]::(232.0, 54.0, 197.0, 262.0)::(86.0, 11.0)->(1, 0)
[-19.0540199279785, -10.6021766662598, 2.61210775375366]::(232.0, 54.0, 197.0, 262.0)::(86.0, 11.0)->(1, 0)
[-19.2846279144287, -11.5603885650635, 2.48189520835876]::(232.0, 54.0, 197.0, 262.0)::(94.0, 11.0)->(1, 0)
[-19.4094753265381, -11.4642190933228, 2.60932564735413]::(232.0, 54.0, 197.0, 262.0)::(86.0, 11.0)->(1, 0)
[-18.8379001617432, -10.6596803665161, 2.48553204536438]::(232.0, 54.0, 197.0, 262.0)::(86.0, 11.0)->(1, 0)
[-19.3594532012939, -10.4717636108398, 2.36234307289124]::(232.0, 54.0, 197.0, 262.0)::(86.0, 11.0)->(1, 0)
[-19.5060482025146, -11.1893310546875, 2.62329077720642]::(232.0, 54.0, 197.0, 262.0)::(86.0, 11.0)->(1, 0)
[-19.7250289916992, -11.0284233093262, 2.71118807792664]::(232.0, 54.0, 197.0, 262.0)::(84.0, 11.0)->(1, 0)
[-19.2583599090576, -10.5206737518311, 2.50228428840637]::(232.0, 54.0, 197.0, 262.0)::(86.0, 11.0)->(1, 0)
[-19.4077701568604, -10.9961252212524, 2.57684755325317]::(232.0, 54.0, 197.0, 262.0)::(86.0, 11.0)->(1, 0)
[-19.6546382904053, -10.5922365188599, 2.58643221855164]::(232.0, 54.0, 197.0, 262.0)::(86.0, 11.0)->(1, 0)
[-19.680778503418, -11.3301515579224, 2.84350800514221]::(232.0, 54.0, 197.0, 262.0)::(86.0, 11.0)->(1, 0)
[-19.9805526733398, -11.121618270874, 2.77059197425842]::(232.0, 54.0, 197.0, 262.0)::(86.0, 11.0)->(1, 0)
[-18.8471546173096, -10.8355464935303, 2.77623701095581]::(232.0, 54.0, 197.0, 262.0)::(86.0, 11.0)->(1, 0)
[-19.0689105987549, -10.5567960739136, 2.64346051216125]::(232.0, 54.0, 197.0, 262.0)::(86.0, 11.0)->(1, 0)
[-19.9890575408936, -11.1962175369263, 2.84188675880432]::(232.0, 54.0, 197.0, 262.0)::(94.0, 11.0)->(1, 0)
[-18.9515724182129, -11.1485795974731, 2.66106128692627]::(232.0, 54.0, 197.0, 262.0)::(86.0, 11.0)->(1, 0)
[-19.1289043426514, -10.5437841415405, 2.60850191116333]::(232.0, 54.0, 197.0, 262.0)::(86.0, 11.0)->(1, 0)
[-20.0358982086182, -10.7169132232666, 2.70057964324951]::(232.0, 54.0, 197.0, 262.0)::(92.0, 11.0)->(1, 0)
[-18.7453441619873, -11.1976661682129, 2.30601286888123]::(232.0, 54.0, 197.0, 262.0)::(89.0, 11.0)->(1, 0)
[-19.1380920410156, -10.4891910552979, 2.40062499046326]::(232.0, 54.0, 197.0, 262.0)::(89.0, 11.0)->(1, 0)
[-19.1877021789551, -10.888952255249, 2.64885807037354]::(232.0, 54.0, 197.0, 262.0)::(86.0, 11.0)->(1, 0)
[-19.0290813446045, -11.2053937911987, 2.58904719352722]::(237.0, 61.0, 186.0, 248.0)::(86.0, 11.0)->(1, 0)
[-18.3897323608398, -10.868857383728, 2.35762572288513]::(228.0, 58.0, 200.0, 266.0)::(86.0, 11.0)->(1, 0)
[-18.8410625457764, -10.8963527679443, 2.51955986022949]::(228.0, 58.0, 200.0, 266.0)::(97.0, 11.0)->(1, 0)
[-19.0927219390869, -11.1313228607178, 2.7011125087738]::(228.0, 58.0, 200.0, 266.0)::(97.0, 11.0)->(1, 0)
[-18.1649017333984, -11.3209104537964, 2.15442085266113]::(228.0, 58.0, 200.0, 266.0)::(86.0, 11.0)->(1, 0)
[-19.1664886474609, -11.5684413909912, 2.66033005714417]::(228.0, 58.0, 200.0, 266.0)::(86.0, 11.0)->(1, 0)
[-18.3763999938965, -10.5843410491943, 2.62400579452515]::(228.0, 58.0, 200.0, 266.0)::(86.0, 11.0)->(1, 0)
[-18.0645313262939, -10.908576965332, 2.20539331436157]::(228.0, 58.0, 200.0, 266.0)::(92.0, 11.0)->(1, 0)
[-19.4607791900635, -10.7721214294434, 2.46953916549683]::(228.0, 58.0, 200.0, 266.0)::(89.0, 11.0)->(1, 0)
[-18.2990989685059, -11.2926921844482, 2.13057851791382]::(237.0, 62.0, 190.0, 253.0)::(89.0, 11.0)->(1, 0)
[-19.0677833557129, -10.6476669311523, 2.38860559463501]::(231.0, 53.0, 199.0, 265.0)::(89.0, 11.0)->(1, 0)
[-17.9192447662354, -10.9599227905273, 2.4459867477417]::(231.0, 53.0, 199.0, 265.0)::(89.0, 11.0)->(1, 0)
[-19.495080947876, -10.5687446594238, 2.63986301422119]::(223.0, 50.0, 207.0, 276.0)::(92.0, 11.0)->(1, 0)
[-18.6494197845459, -10.2858476638794, 2.33496904373169]::(231.0, 54.0, 197.0, 262.0)::(89.0, 11.0)->(1, 0)
[-18.7901229858398, -10.5247993469238, 2.38716173171997]::(231.0, 54.0, 197.0, 262.0)::(97.0, 11.0)->(1, 0)
[-17.8050727844238, -10.6060009002686, 2.24689483642578]::(231.0, 54.0, 197.0, 262.0)::(89.0, 11.0)->(1, 0)
[-19.73854637146, -10.3196897506714, 2.36840558052063]::(231.0, 54.0, 197.0, 262.0)::(89.0, 11.0)->(1, 0)
[-18.6287498474121, -10.4800405502319, 2.39665126800537]::(231.0, 54.0, 197.0, 262.0)::(86.0, 11.0)->(1, 0)
[-18.3921852111816, -10.2700242996216, 2.44377326965332]::(231.0, 54.0, 197.0, 262.0)::(89.0, 11.0)->(1, 0)
[-18.6537170410156, -11.2429113388062, 2.36286354064941]::(231.0, 54.0, 197.0, 262.0)::(89.0, 11.0)->(1, 0)
[-18.4728527069092, -10.1686363220215, 2.15673637390137]::(231.0, 54.0, 197.0, 262.0)::(89.0, 11.0)->(1, 0)
[-19.2058658599854, -10.2297353744507, 2.44484281539917]::(231.0, 54.0, 197.0, 262.0)::(89.0, 11.0)->(1, 0)
[-18.3181915283203, -10.7329750061035, 2.31773138046265]::(231.0, 54.0, 197.0, 262.0)::(92.0, 11.0)->(1, 0)
[-19.0573768615723, -10.3626260757446, 2.32430219650269]::(231.0, 54.0, 197.0, 262.0)::(92.0, 11.0)->(1, 0)
[-18.7040882110596, -10.0231714248657, 2.31213450431824]::(231.0, 54.0, 197.0, 262.0)::(89.0, 11.0)->(1, 0)
[-17.9483089447021, -9.91158294677734, 2.18465876579285]::(231.0, 54.0, 197.0, 262.0)::(89.0, 11.0)->(1, 0)
[-18.4820556640625, -10.3294219970703, 2.61253881454468]::(231.0, 54.0, 197.0, 262.0)::(86.0, 11.0)->(1, 0)
[-19.3538932800293, -11.199613571167, 2.32097005844116]::(237.0, 60.0, 188.0, 250.0)::(89.0, 11.0)->(1, 0)
[-18.4921588897705, -11.2387647628784, 2.4884786605835]::(232.0, 56.0, 197.0, 262.0)::(89.0, 11.0)->(1, 0)
[-19.0622043609619, -10.2629814147949, 2.51227974891663]::(232.0, 56.0, 197.0, 262.0)::(86.0, 11.0)->(1, 0)
[-18.0669536590576, -11.0006523132324, 2.25565791130066]::(232.0, 56.0, 197.0, 262.0)::(86.0, 11.0)->(1, 0)
[-19.2236785888672, -10.9734334945679, 2.18690490722656]::(232.0, 56.0, 197.0, 262.0)::(86.0, 11.0)->(1, 0)
[-19.0918350219727, -11.5241460800171, 2.03479647636414]::(239.0, 65.0, 187.0, 249.0)::(86.0, 11.0)->(1, 0)
[-18.6548385620117, -10.8474941253662, 2.41322994232178]::(232.0, 57.0, 195.0, 260.0)::(86.0, 11.0)->(1, 0)
[-17.9221076965332, -10.9587726593018, 2.28550457954407]::(232.0, 57.0, 195.0, 260.0)::(86.0, 11.0)->(1, 0)
[-19.1265869140625, -10.8766088485718, 2.51126551628113]::(232.0, 57.0, 195.0, 260.0)::(86.0, 11.0)->(1, 0)
[-18.9359188079834, -10.5124740600586, 2.4162392616272]::(232.0, 57.0, 195.0, 260.0)::(86.0, 11.0)->(1, 0)
[-19.0158405303955, -11.1054029464722, 2.50057792663574]::(232.0, 57.0, 195.0, 260.0)::(86.0, 11.0)->(1, 0)
[-18.7705612182617, -10.4189186096191, 2.22879266738892]::(232.0, 57.0, 195.0, 260.0)::(86.0, 11.0)->(1, 0)
[-18.9420280456543, -10.597505569458, 2.39251041412354]::(232.0, 57.0, 195.0, 260.0)::(86.0, 11.0)->(1, 0)
[-18.2936859130859, -11.0751285552979, 2.48269510269165]::(232.0, 57.0, 195.0, 260.0)::(86.0, 11.0)->(1, 0)
[-19.1428546905518, -11.2909669876099, 2.40246391296387]::(232.0, 57.0, 195.0, 260.0)::(86.0, 11.0)->(1, 0)
[-17.9686794281006, -10.2693099975586, 1.99526214599609]::(238.0, 65.0, 185.0, 246.0)::(86.0, 11.0)->(1, 0)
[-19.1918907165527, -10.5820064544678, 2.58537936210632]::(227.0, 60.0, 199.0, 265.0)::(89.0, 11.0)->(1, 0)
[-18.6654663085938, -10.5741777420044, 2.58836436271667]::(233.0, 64.0, 189.0, 252.0)::(89.0, 11.0)->(1, 0)
[-18.4765911102295, -11.5046319961548, 2.24219179153442]::(233.0, 64.0, 189.0, 252.0)::(89.0, 11.0)->(1, 0)
[-19.3173828125, -10.1797981262207, 2.690425157547]::(230.0, 57.0, 199.0, 265.0)::(89.0, 11.0)->(1, 0)
[-18.84983253479, -10.7760858535767, 2.50759172439575]::(230.0, 57.0, 199.0, 265.0)::(89.0, 11.0)->(1, 0)
[-18.5209503173828, -10.8837041854858, 2.36054134368896]::(230.0, 57.0, 199.0, 265.0)::(89.0, 11.0)->(1, 0)
[-18.144983291626, -11.3157243728638, 2.09351754188538]::(236.0, 64.0, 187.0, 249.0)::(92.0, 11.0)->(1, 0)
[-18.6452751159668, -10.7350378036499, 2.08266258239746]::(236.0, 64.0, 187.0, 249.0)::(89.0, 11.0)->(1, 0)
[-19.0466556549072, -10.6995906829834, 2.67342352867126]::(235.0, 53.0, 195.0, 260.0)::(89.0, 11.0)->(1, 0)
[-19.1817588806152, -10.2633399963379, 2.25384449958801]::(235.0, 53.0, 195.0, 260.0)::(92.0, 11.0)->(1, 0)
[-19.1601886749268, -11.1598749160767, 2.66315031051636]::(235.0, 53.0, 195.0, 260.0)::(89.0, 11.0)->(1, 0)
[-18.807014465332, -10.6969432830811, 1.95258438587189]::(238.0, 72.0, 180.0, 240.0)::(100.0, 12.0)->(2, 0)
[-18.7035465240479, -10.717658996582, 1.67300057411194]::(238.0, 72.0, 180.0, 240.0)::(100.0, 12.0)->(2, 0)
[-18.918004989624, -10.2488641738892, 2.11986899375916]::(235.0, 59.0, 192.0, 256.0)::(102.0, 12.0)->(2, 0)
[-19.1756000518799, -11.0474824905396, 1.95508515834808]::(240.0, 72.0, 176.0, 234.0)::(100.0, 12.0)->(2, 0)
[-18.3166904449463, -10.8372421264648, 1.88628673553467]::(235.0, 60.0, 190.0, 253.0)::(95.0, 12.0)->(2, 0)
[-19.1399459838867, -10.6518859863281, 2.13562941551208]::(235.0, 60.0, 190.0, 253.0)::(95.0, 12.0)->(2, 0)
[-19.0655422210693, -10.3160552978516, 2.11541152000427]::(235.0, 60.0, 190.0, 253.0)::(100.0, 12.0)->(2, 0)
[-18.0823974609375, -10.1755847930908, 1.50882136821747]::(241.0, 72.0, 176.0, 234.0)::(100.0, 12.0)->(2, 0)
[-18.9917182922363, -10.7009735107422, 2.15954685211182]::(235.0, 58.0, 192.0, 256.0)::(97.0, 12.0)->(2, 0)
[-19.2029552459717, -11.0269107818604, 2.20170187950134]::(235.0, 58.0, 192.0, 256.0)::(115.0, 12.0)->(2, 0)
[-19.7142486572266, -11.0461454391479, 2.19680786132812]::(235.0, 58.0, 192.0, 256.0)::(97.0, 12.0)->(2, 0)
[-19.0121555328369, -10.9378137588501, 1.88696849346161]::(235.0, 58.0, 192.0, 256.0)::(97.0, 12.0)->(2, 0)
[-19.1141815185547, -10.8034830093384, 1.98015916347504]::(235.0, 58.0, 192.0, 256.0)::(95.0, 12.0)->(2, 0)
[-19.1287250518799, -10.8085489273071, 1.90220129489899]::(235.0, 58.0, 192.0, 256.0)::(97.0, 12.0)->(2, 0)
[-19.3128776550293, -11.1113634109497, 2.28369116783142]::(235.0, 58.0, 192.0, 256.0)::(102.0, 12.0)->(2, 0)
[-17.9202308654785, -10.8625144958496, 1.64527404308319]::(240.0, 66.0, 183.0, 244.0)::(95.0, 12.0)->(2, 0)
[-18.4047222137451, -11.7198009490967, 1.67261266708374]::(240.0, 66.0, 183.0, 244.0)::(95.0, 12.0)->(2, 0)
[-18.2545528411865, -10.9568567276001, 1.55823862552643]::(240.0, 66.0, 183.0, 244.0)::(95.0, 12.0)->(2, 0)
[-19.0084743499756, -11.7604627609253, 2.66450786590576]::(232.0, 58.0, 193.0, 257.0)::(100.0, 12.0)->(2, 0)
[-18.5889186859131, -10.4298696517944, 2.45584344863892]::(232.0, 58.0, 193.0, 257.0)::(100.0, 12.0)->(2, 0)
[-19.0944766998291, -10.6861639022827, 1.68138539791107]::(238.0, 67.0, 184.0, 245.0)::(97.0, 12.0)->(2, 0)
[-18.8407688140869, -11.4127330780029, 2.11879086494446]::(231.0, 62.0, 194.0, 258.0)::(97.0, 12.0)->(2, 0)
[-18.8088417053223, -11.8294124603271, 1.98936641216278]::(231.0, 62.0, 194.0, 258.0)::(97.0, 12.0)->(2, 0)
[-17.7488403320312, -10.5364465713501, 1.96515905857086]::(231.0, 62.0, 194.0, 258.0)::(97.0, 12.0)->(2, 0)
[-17.8244495391846, -10.9943923950195, 2.03149676322937]::(231.0, 62.0, 194.0, 258.0)::(90.0, 12.0)->(2, 0)
[-18.2190532684326, -11.2385377883911, 1.96761739253998]::(231.0, 62.0, 194.0, 258.0)::(97.0, 12.0)->(2, 0)
[-18.8390655517578, -11.6100015640259, 2.09998536109924]::(231.0, 62.0, 194.0, 258.0)::(100.0, 12.0)->(2, 0)
[-19.7233180999756, -11.3915109634399, 2.15017533302307]::(238.0, 60.0, 185.0, 246.0)::(90.0, 12.0)->(2, 0)
[-18.9872436523438, -11.2087306976318, 1.93404936790466]::(238.0, 60.0, 185.0, 246.0)::(97.0, 12.0)->(2, 0)
[-17.7417163848877, -10.6525650024414, 1.88258945941925]::(236.0, 59.0, 195.0, 260.0)::(97.0, 12.0)->(2, 0)
[-18.7233428955078, -10.9524517059326, 2.00855588912964]::(236.0, 59.0, 195.0, 260.0)::(97.0, 12.0)->(2, 0)
[-17.3535118103027, -10.5598039627075, 1.80981087684631]::(238.0, 62.0, 187.0, 249.0)::(100.0, 12.0)->(2, 0)
[-19.1382923126221, -11.27956199646, 2.22134017944336]::(238.0, 62.0, 187.0, 249.0)::(100.0, 12.0)->(2, 0)
[-18.0030498504639, -10.9341554641724, 1.92185044288635]::(238.0, 62.0, 187.0, 249.0)::(100.0, 12.0)->(2, 0)
[-18.8581638336182, -11.2559947967529, 1.8921355009079]::(238.0, 62.0, 187.0, 249.0)::(100.0, 12.0)->(2, 0)
[-19.0951461791992, -10.673900604248, 1.66980612277985]::(238.0, 62.0, 187.0, 249.0)::(97.0, 12.0)->(2, 0)
[-18.084114074707, -11.3045663833618, 1.93068253993988]::(238.0, 62.0, 187.0, 249.0)::(97.0, 12.0)->(2, 0)
[-18.2037658691406, -11.0548257827759, 1.87873148918152]::(238.0, 62.0, 187.0, 249.0)::(100.0, 12.0)->(2, 0)
[-18.3586082458496, -11.2249813079834, 1.91165852546692]::(238.0, 62.0, 187.0, 249.0)::(100.0, 12.0)->(2, 0)
[-18.8864727020264, -11.4530563354492, 1.77697312831879]::(238.0, 62.0, 187.0, 249.0)::(97.0, 12.0)->(2, 0)
[-18.8396244049072, -11.5646839141846, 2.22001957893372]::(241.0, 63.0, 178.0, 237.0)::(100.0, 12.0)->(2, 0)
[-18.4432029724121, -11.0061569213867, 1.94945001602173]::(234.0, 57.0, 195.0, 260.0)::(100.0, 12.0)->(2, 0)
[-18.3335132598877, -11.066330909729, 1.8757621049881]::(234.0, 57.0, 195.0, 260.0)::(100.0, 12.0)->(2, 0)
[-19.4153842926025, -10.9553022384644, 1.90906155109406]::(234.0, 57.0, 195.0, 260.0)::(100.0, 12.0)->(2, 0)
[-19.0295810699463, -11.2005319595337, 1.96923959255219]::(234.0, 57.0, 195.0, 260.0)::(97.0, 12.0)->(2, 0)
[-18.8934097290039, -11.345440864563, 2.02829575538635]::(234.0, 57.0, 195.0, 260.0)::(97.0, 12.0)->(2, 0)
[-18.5750846862793, -11.4157447814941, 2.03161835670471]::(234.0, 57.0, 195.0, 260.0)::(95.0, 12.0)->(2, 0)
[-18.8278942108154, -11.0428171157837, 2.20180130004883]::(234.0, 57.0, 195.0, 260.0)::(100.0, 12.0)->(2, 0)
[-17.8917655944824, -11.3336791992188, 2.03081059455872]::(237.0, 63.0, 187.0, 249.0)::(100.0, 12.0)->(2, 0)
[-18.2048034667969, -9.96084880828857, 1.95166528224945]::(229.0, 52.0, 204.0, 272.0)::(95.0, 12.0)->(2, 0)
[-19.1068058013916, -10.8502883911133, 2.37796640396118]::(229.0, 52.0, 204.0, 272.0)::(97.0, 12.0)->(2, 0)
[-19.8449535369873, -10.9857759475708, 2.34803438186646]::(229.0, 52.0, 204.0, 272.0)::(95.0, 12.0)->(2, 0)
[-18.1421337127686, -11.0839939117432, 2.3001184463501]::(229.0, 52.0, 204.0, 272.0)::(95.0, 12.0)->(2, 0)
[-18.9431171417236, -11.5335063934326, 2.65843987464905]::(232.0, 59.0, 190.0, 253.0)::(100.0, 12.0)->(2, 0)
[-19.2094612121582, -11.3516187667847, 2.52272248268127]::(227.0, 55.0, 200.0, 266.0)::(100.0, 12.0)->(2, 0)
[-19.4828605651855, -11.017068862915, 2.30162334442139]::(227.0, 55.0, 200.0, 266.0)::(97.0, 12.0)->(2, 0)
[-18.8089504241943, -11.3142862319946, 1.80722534656525]::(235.0, 66.0, 189.0, 252.0)::(97.0, 12.0)->(2, 0)
[-19.2025718688965, -11.005669593811, 2.07711791992188]::(235.0, 66.0, 189.0, 252.0)::(97.0, 12.0)->(2, 0)
[-19.0864429473877, -11.1895141601562, 1.98984217643738]::(235.0, 66.0, 189.0, 252.0)::(100.0, 12.0)->(2, 0)
[-18.4540596008301, -11.0514249801636, 1.73747479915619]::(235.0, 66.0, 189.0, 252.0)::(97.0, 12.0)->(2, 0)
[-18.9284057617188, -11.094069480896, 2.06383156776428]::(235.0, 66.0, 189.0, 252.0)::(97.0, 12.0)->(2, 0)
[-19.677209854126, -10.6849851608276, 1.75473165512085]::(235.0, 66.0, 189.0, 252.0)::(95.0, 12.0)->(2, 0)
[-18.8882522583008, -11.0634546279907, 1.61717677116394]::(235.0, 66.0, 189.0, 252.0)::(97.0, 12.0)->(2, 0)
[-18.7006568908691, -11.9947109222412, 1.85714936256409]::(235.0, 66.0, 189.0, 252.0)::(97.0, 12.0)->(2, 0)
[-18.6955623626709, -12.0016117095947, 1.84698903560638]::(235.0, 66.0, 189.0, 252.0)::(100.0, 12.0)->(2, 0)
[-18.8790645599365, -11.4887456893921, 2.29457187652588]::(230.0, 57.0, 198.0, 264.0)::(97.0, 12.0)->(2, 0)
[-18.7797451019287, -11.862642288208, 1.93276190757751]::(230.0, 57.0, 198.0, 264.0)::(95.0, 12.0)->(2, 0)
[-19.2686500549316, -11.8074913024902, 2.23124003410339]::(230.0, 57.0, 198.0, 264.0)::(95.0, 12.0)->(2, 0)
[-18.2308006286621, -10.9773063659668, 1.74246263504028]::(230.0, 57.0, 198.0, 264.0)::(97.0, 12.0)->(2, 0)
[-18.0175189971924, -11.6018056869507, 1.83485329151154]::(230.0, 57.0, 198.0, 264.0)::(97.0, 12.0)->(2, 0)
[-18.3367938995361, -11.633695602417, 2.11845374107361]::(230.0, 57.0, 198.0, 264.0)::(97.0, 12.0)->(2, 0)
[-18.7207813262939, -11.8961820602417, 1.83971083164215]::(230.0, 57.0, 198.0, 264.0)::(102.0, 12.0)->(2, 0)
[-18.6086444854736, -11.6941986083984, 1.98228204250336]::(230.0, 57.0, 198.0, 264.0)::(102.0, 12.0)->(2, 0)
[-19.5425262451172, -11.1254568099976, 2.0265429019928]::(230.0, 57.0, 198.0, 264.0)::(95.0, 12.0)->(2, 0)
[-19.0207061767578, -11.473578453064, 2.23456335067749]::(230.0, 57.0, 198.0, 264.0)::(97.0, 12.0)->(2, 0)
[-18.4749946594238, -11.6427659988403, 2.39220523834229]::(230.0, 57.0, 198.0, 264.0)::(102.0, 12.0)->(2, 0)
[-18.6123542785645, -11.0164213180542, 1.72370600700378]::(230.0, 57.0, 198.0, 264.0)::(97.0, 12.0)->(2, 0)
[-19.2485084533691, -11.3291902542114, 1.85918760299683]::(230.0, 57.0, 198.0, 264.0)::(102.0, 12.0)->(2, 0)
[-19.1925582885742, -11.9811935424805, 2.02814221382141]::(230.0, 57.0, 198.0, 264.0)::(110.0, 12.0)->(2, 0)
[-19.8644104003906, -11.3499984741211, 2.50968885421753]::(223.0, 51.0, 209.0, 278.0)::(97.0, 12.0)->(2, 0)
[-18.4609241485596, -11.0392513275146, 1.72779870033264]::(233.0, 55.0, 191.0, 254.0)::(104.0, 12.0)->(2, 0)
[-18.8494701385498, -11.5021333694458, 1.85192060470581]::(233.0, 55.0, 191.0, 254.0)::(97.0, 12.0)->(2, 0)
[-18.4920978546143, -11.0937900543213, 2.1850757598877]::(233.0, 55.0, 191.0, 254.0)::(100.0, 12.0)->(2, 0)
[-19.0598106384277, -10.7718696594238, 2.07242321968079]::(233.0, 55.0, 191.0, 254.0)::(100.0, 12.0)->(2, 0)
[-18.5986938476562, -11.3969449996948, 2.22885394096375]::(233.0, 55.0, 191.0, 254.0)::(100.0, 12.0)->(2, 0)
[-19.2018585205078, -11.3191785812378, 2.34433770179749]::(228.0, 54.0, 200.0, 266.0)::(100.0, 12.0)->(2, 0)
[-19.6316146850586, -11.204984664917, 2.42169880867004]::(228.0, 54.0, 200.0, 266.0)::(100.0, 12.0)->(2, 0)
[-19.4081077575684, -11.3088026046753, 1.75704181194305]::(240.0, 68.0, 181.0, 241.0)::(97.0, 12.0)->(2, 0)
[-18.8770408630371, -10.734037399292, 2.12649846076965]::(228.0, 52.0, 201.0, 268.0)::(100.0, 12.0)->(2, 0)
[-18.3757286071777, -11.1218214035034, 2.03674483299255]::(232.0, 55.0, 192.0, 256.0)::(100.0, 12.0)->(2, 0)
[-20.5303707122803, -9.84640979766846, 2.52068448066711]::(234.0, 45.0, 198.0, 264.0)::(130.0, 11.0)->(3, 0)
[-20.0526599884033, -9.62162208557129, 2.30822420120239]::(234.0, 45.0, 198.0, 264.0)::(130.0, 11.0)->(3, 0)
[-19.2170753479004, -9.72077751159668, 2.21797037124634]::(234.0, 45.0, 198.0, 264.0)::(130.0, 11.0)->(3, 0)
[-20.3342571258545, -10.236349105835, 2.34022045135498]::(223.0, 42.0, 213.0, 284.0)::(130.0, 11.0)->(3, 0)
[-19.7746772766113, -9.51072406768799, 2.23261499404907]::(232.0, 48.0, 197.0, 262.0)::(128.0, 11.0)->(3, 0)
[-21.1140670776367, -9.90372943878174, 2.58654356002808]::(236.0, 53.0, 186.0, 248.0)::(123.0, 11.0)->(3, 0)
[-20.9236640930176, -9.67558193206787, 2.37918519973755]::(236.0, 53.0, 186.0, 248.0)::(128.0, 11.0)->(3, 0)
[-20.7566299438477, -10.6112203598022, 2.10986948013306]::(235.0, 45.0, 198.0, 264.0)::(128.0, 11.0)->(3, 0)
[-21.0993766784668, -10.544885635376, 2.47115468978882]::(235.0, 45.0, 198.0, 264.0)::(130.0, 11.0)->(3, 0)
[-21.0112628936768, -10.7933597564697, 2.33623576164246]::(235.0, 45.0, 198.0, 264.0)::(130.0, 11.0)->(3, 0)
[-20.9953079223633, -10.168797492981, 2.06381988525391]::(235.0, 45.0, 198.0, 264.0)::(125.0, 11.0)->(3, 0)
[-19.9519195556641, -10.3008937835693, 1.97189652919769]::(235.0, 45.0, 198.0, 264.0)::(130.0, 11.0)->(3, 0)
[-21.1302528381348, -10.2075681686401, 2.14726400375366]::(235.0, 45.0, 198.0, 264.0)::(130.0, 11.0)->(3, 0)
[-21.4293842315674, -9.8455696105957, 2.18966388702393]::(235.0, 45.0, 198.0, 264.0)::(130.0, 11.0)->(3, 0)
[-20.2726860046387, -10.3375806808472, 2.05391693115234]::(235.0, 45.0, 198.0, 264.0)::(130.0, 11.0)->(3, 0)
[-21.0463333129883, -10.3336782455444, 2.16303896903992]::(235.0, 45.0, 198.0, 264.0)::(130.0, 11.0)->(3, 0)
[-20.7936782836914, -10.4462947845459, 2.41119194030762]::(235.0, 45.0, 198.0, 264.0)::(130.0, 11.0)->(3, 0)
[-20.423267364502, -9.9922399520874, 2.0527241230011]::(235.0, 45.0, 198.0, 264.0)::(130.0, 11.0)->(3, 0)
[-20.5917091369629, -10.1379957199097, 2.27129912376404]::(235.0, 45.0, 198.0, 264.0)::(128.0, 11.0)->(3, 0)
[-20.2078533172607, -10.0837259292603, 2.2655930519104]::(235.0, 45.0, 198.0, 264.0)::(125.0, 11.0)->(3, 0)
[-20.7928771972656, -10.2509632110596, 2.10996913909912]::(235.0, 45.0, 198.0, 264.0)::(128.0, 11.0)->(3, 0)
[-20.9101390838623, -10.1291809082031, 2.01039052009583]::(235.0, 45.0, 198.0, 264.0)::(128.0, 11.0)->(3, 0)
[-20.7808208465576, -10.0584087371826, 2.21838212013245]::(235.0, 45.0, 198.0, 264.0)::(130.0, 11.0)->(3, 0)
[-21.0946712493896, -9.84452629089355, 2.13763022422791]::(235.0, 49.0, 190.0, 253.0)::(128.0, 11.0)->(3, 0)
[-21.4049892425537, -9.8868522644043, 2.28939652442932]::(235.0, 49.0, 190.0, 253.0)::(128.0, 11.0)->(3, 0)
[-19.8699436187744, -10.1427373886108, 2.12227153778076]::(235.0, 45.0, 199.0, 265.0)::(128.0, 11.0)->(3, 0)
[-20.3460922241211, -10.0681838989258, 2.09514236450195]::(235.0, 45.0, 199.0, 265.0)::(112.0, 11.0)->(3, 0)
[-20.400333404541, -9.9621467590332, 2.20909905433655]::(235.0, 45.0, 199.0, 265.0)::(130.0, 11.0)->(3, 0)
[-20.9048881530762, -10.9869108200073, 2.26616406440735]::(235.0, 45.0, 199.0, 265.0)::(133.0, 11.0)->(3, 0)
[-20.0599422454834, -10.0522336959839, 2.19055032730103]::(235.0, 45.0, 199.0, 265.0)::(130.0, 11.0)->(3, 0)
[-20.5175743103027, -10.2968692779541, 2.16620779037476]::(235.0, 45.0, 199.0, 265.0)::(130.0, 11.0)->(3, 0)
[-20.3221454620361, -10.4278755187988, 2.32737350463867]::(235.0, 45.0, 199.0, 265.0)::(133.0, 11.0)->(3, 0)
[-20.1883563995361, -10.4789276123047, 2.03538370132446]::(235.0, 45.0, 199.0, 265.0)::(130.0, 11.0)->(3, 0)
[-20.7802696228027, -10.3087768554688, 2.21720266342163]::(235.0, 45.0, 199.0, 265.0)::(133.0, 11.0)->(3, 0)
[-20.3780746459961, -10.0354785919189, 2.07618570327759]::(234.0, 52.0, 189.0, 252.0)::(133.0, 11.0)->(3, 0)
[-20.1170825958252, -9.92660903930664, 1.98560833930969]::(231.0, 46.0, 199.0, 265.0)::(130.0, 11.0)->(3, 0)
[-20.2896480560303, -10.7319593429565, 2.11139893531799]::(231.0, 46.0, 199.0, 265.0)::(128.0, 11.0)->(3, 0)
[-20.1754455566406, -9.80519866943359, 2.13344955444336]::(231.0, 46.0, 199.0, 265.0)::(133.0, 11.0)->(3, 0)
[-19.9630947113037, -10.0083408355713, 2.32456660270691]::(231.0, 46.0, 199.0, 265.0)::(128.0, 11.0)->(3, 0)
[-20.5585174560547, -9.66142654418945, 2.26182341575623]::(225.0, 39.0, 210.0, 280.0)::(133.0, 11.0)->(3, 0)
[-19.6644821166992, -9.52955150604248, 1.98187124729156]::(231.0, 46.0, 198.0, 264.0)::(133.0, 11.0)->(3, 0)
[-20.9792537689209, -9.92697811126709, 2.33622217178345]::(231.0, 46.0, 198.0, 264.0)::(133.0, 11.0)->(3, 0)
[-20.8978900909424, -10.1412200927734, 2.22457313537598]::(231.0, 46.0, 198.0, 264.0)::(135.0, 11.0)->(3, 0)
[-20.5395565032959, -10.2221927642822, 2.21681189537048]::(231.0, 46.0, 198.0, 264.0)::(133.0, 11.0)->(3, 0)
[-20.8337097167969, -9.91459083557129, 2.1247456073761]::(231.0, 46.0, 198.0, 264.0)::(135.0, 11.0)->(3, 0)
[-21.3197002410889, -10.2552785873413, 2.40003538131714]::(231.0, 46.0, 198.0, 264.0)::(135.0, 11.0)->(3, 0)
[-20.0364799499512, -9.94675540924072, 2.23563480377197]::(231.0, 46.0, 198.0, 264.0)::(135.0, 11.0)->(3, 0)
[-20.2951583862305, -10.2870025634766, 2.17174863815308]::(231.0, 46.0, 198.0, 264.0)::(133.0, 11.0)->(3, 0)
[-20.5485210418701, -9.46282386779785, 2.0389449596405]::(231.0, 46.0, 198.0, 264.0)::(133.0, 11.0)->(3, 0)
[-20.4897022247314, -9.68557929992676, 2.08320832252502]::(231.0, 46.0, 198.0, 264.0)::(133.0, 11.0)->(3, 0)
[-20.9540729522705, -10.0852031707764, 2.13558626174927]::(231.0, 46.0, 198.0, 264.0)::(135.0, 11.0)->(3, 0)
[-19.8342018127441, -9.45023822784424, 2.14857530593872]::(231.0, 46.0, 198.0, 264.0)::(135.0, 11.0)->(3, 0)
[-20.9040107727051, -10.2211666107178, 1.97458016872406]::(231.0, 46.0, 198.0, 264.0)::(135.0, 11.0)->(3, 0)
[-20.5177307128906, -9.64470100402832, 2.23353171348572]::(231.0, 46.0, 198.0, 264.0)::(135.0, 11.0)->(3, 0)
[-20.8280487060547, -9.6289234161377, 2.23148155212402]::(231.0, 46.0, 198.0, 264.0)::(135.0, 11.0)->(3, 0)
[-21.0304584503174, -10.0189542770386, 2.1549916267395]::(231.0, 46.0, 198.0, 264.0)::(130.0, 11.0)->(3, 0)
[-20.6197090148926, -10.1584930419922, 2.39622497558594]::(231.0, 46.0, 198.0, 264.0)::(133.0, 11.0)->(3, 0)
[-20.4194793701172, -10.1491079330444, 2.04122734069824]::(231.0, 46.0, 198.0, 264.0)::(128.0, 11.0)->(3, 0)
[-20.4398651123047, -10.0684976577759, 1.86010837554932]::(231.0, 46.0, 198.0, 264.0)::(133.0, 11.0)->(3, 0)
[-20.3167057037354, -10.5589828491211, 2.27990937232971]::(231.0, 46.0, 198.0, 264.0)::(133.0, 11.0)->(3, 0)
[-21.2832813262939, -9.52198028564453, 2.25452041625977]::(231.0, 46.0, 198.0, 264.0)::(133.0, 11.0)->(3, 0)
[-21.1945667266846, -9.38939952850342, 2.2616662979126]::(231.0, 46.0, 198.0, 264.0)::(135.0, 11.0)->(3, 0)
[-20.9705581665039, -9.93812561035156, 2.0830192565918]::(231.0, 46.0, 198.0, 264.0)::(133.0, 11.0)->(3, 0)
[-21.377965927124, -9.7650899887085, 2.13923239707947]::(231.0, 46.0, 198.0, 264.0)::(135.0, 11.0)->(3, 0)
[-20.9995784759521, -9.34099006652832, 2.00408029556274]::(231.0, 46.0, 198.0, 264.0)::(135.0, 11.0)->(3, 0)
[-21.2354354858398, -10.1888380050659, 2.27654957771301]::(231.0, 46.0, 198.0, 264.0)::(133.0, 11.0)->(3, 0)
[-20.8109149932861, -10.1988649368286, 2.2863564491272]::(231.0, 46.0, 198.0, 264.0)::(135.0, 11.0)->(3, 0)
[-19.6293354034424, -9.85370349884033, 1.98292863368988]::(231.0, 46.0, 198.0, 264.0)::(135.0, 11.0)->(3, 0)
[-20.8521976470947, -9.6751823425293, 1.98978435993195]::(227.0, 42.0, 207.0, 276.0)::(135.0, 11.0)->(3, 0)
[-21.0152435302734, -9.76679611206055, 1.88148176670074]::(227.0, 42.0, 207.0, 276.0)::(133.0, 11.0)->(3, 0)
[-20.8617858886719, -10.1423149108887, 2.10728907585144]::(227.0, 42.0, 207.0, 276.0)::(133.0, 11.0)->(3, 0)
[-21.0971050262451, -9.91855335235596, 1.96665716171265]::(227.0, 42.0, 207.0, 276.0)::(133.0, 11.0)->(3, 0)
[-20.3865203857422, -9.40753936767578, 2.10172080993652]::(227.0, 42.0, 207.0, 276.0)::(133.0, 11.0)->(3, 0)
[-20.0486507415771, -10.1749610900879, 1.98618745803833]::(234.0, 48.0, 195.0, 260.0)::(133.0, 11.0)->(3, 0)
[-20.6322917938232, -9.82189273834229, 2.24119663238525]::(234.0, 48.0, 195.0, 260.0)::(133.0, 11.0)->(3, 0)
[-20.1550636291504, -10.6843023300171, 2.08930420875549]::(234.0, 48.0, 195.0, 260.0)::(133.0, 11.0)->(3, 0)
[-20.505407333374, -10.5351152420044, 2.0546977519989]::(234.0, 48.0, 195.0, 260.0)::(135.0, 11.0)->(3, 0)
[-19.7032947540283, -10.2036094665527, 2.03324270248413]::(234.0, 48.0, 195.0, 260.0)::(135.0, 11.0)->(3, 0)
[-21.079963684082, -10.1126089096069, 2.11596894264221]::(234.0, 48.0, 195.0, 260.0)::(135.0, 11.0)->(3, 0)
[-19.8444747924805, -9.85805130004883, 2.10420227050781]::(234.0, 48.0, 195.0, 260.0)::(133.0, 11.0)->(3, 0)
[-20.6842727661133, -10.1188497543335, 2.11642122268677]::(234.0, 48.0, 195.0, 260.0)::(135.0, 11.0)->(3, 0)
[-19.4949760437012, -9.73015022277832, 2.08443069458008]::(234.0, 48.0, 195.0, 260.0)::(133.0, 11.0)->(3, 0)
[-20.3514194488525, -10.033130645752, 2.31744456291199]::(234.0, 48.0, 195.0, 260.0)::(133.0, 11.0)->(3, 0)
[-21.1310234069824, -10.0534954071045, 1.88955056667328]::(234.0, 48.0, 195.0, 260.0)::(130.0, 11.0)->(3, 0)
[-20.9142990112305, -9.6574592590332, 2.09194207191467]::(234.0, 48.0, 195.0, 260.0)::(133.0, 11.0)->(3, 0)
[-19.2945289611816, -10.0060911178589, 2.00480556488037]::(234.0, 48.0, 195.0, 260.0)::(133.0, 11.0)->(3, 0)
[-20.278356552124, -10.1825046539307, 1.78204071521759]::(234.0, 48.0, 195.0, 260.0)::(135.0, 11.0)->(3, 0)
[-20.2216815948486, -10.1839380264282, 2.2020218372345]::(234.0, 48.0, 195.0, 260.0)::(135.0, 11.0)->(3, 0)
[-20.7268562316895, -9.9470329284668, 2.13276600837708]::(234.0, 48.0, 195.0, 260.0)::(130.0, 11.0)->(3, 0)
[-20.1377620697021, -10.2726955413818, 1.78678452968597]::(234.0, 48.0, 195.0, 260.0)::(133.0, 11.0)->(3, 0)
[-19.5204563140869, -10.1414346694946, 1.70780575275421]::(232.0, 48.0, 200.0, 266.0)::(142.0, 13.0)->(4, 0)
[-19.849157333374, -10.2077541351318, 1.9279477596283]::(232.0, 48.0, 200.0, 266.0)::(140.0, 13.0)->(4, 0)
[-20.5183887481689, -10.5038890838623, 1.92898714542389]::(232.0, 48.0, 200.0, 266.0)::(140.0, 13.0)->(4, 0)
[-19.7821311950684, -9.57064819335938, 1.67223465442657]::(232.0, 48.0, 200.0, 266.0)::(140.0, 13.0)->(4, 0)
[-20.4800434112549, -10.4860582351685, 1.71367692947388]::(232.0, 48.0, 200.0, 266.0)::(140.0, 13.0)->(4, 0)
[-20.9041652679443, -10.0319786071777, 1.93910694122314]::(232.0, 48.0, 200.0, 266.0)::(142.0, 13.0)->(4, 0)
[-19.9186019897461, -9.52833557128906, 1.59774494171143]::(232.0, 48.0, 200.0, 266.0)::(140.0, 13.0)->(4, 0)
[-19.855541229248, -9.84963893890381, 1.73072099685669]::(232.0, 48.0, 200.0, 266.0)::(140.0, 13.0)->(4, 0)
[-20.9728755950928, -10.3033981323242, 1.80582451820374]::(232.0, 48.0, 200.0, 266.0)::(140.0, 13.0)->(4, 0)
[-20.2317066192627, -10.1364288330078, 1.85234344005585]::(236.0, 50.0, 190.0, 253.0)::(140.0, 13.0)->(4, 0)
[-19.5315608978271, -10.2537746429443, 1.82462525367737]::(236.0, 50.0, 190.0, 253.0)::(137.0, 13.0)->(4, 0)
[-20.7347564697266, -9.79808521270752, 1.67098832130432]::(236.0, 50.0, 190.0, 253.0)::(142.0, 13.0)->(4, 0)
[-20.2067718505859, -10.2789087295532, 1.95191502571106]::(231.0, 47.0, 199.0, 265.0)::(142.0, 13.0)->(4, 0)
[-19.7921714782715, -9.94157695770264, 2.0252571105957]::(231.0, 47.0, 199.0, 265.0)::(142.0, 13.0)->(4, 0)
[-20.716724395752, -9.9566822052002, 1.9946061372757]::(231.0, 47.0, 199.0, 265.0)::(142.0, 13.0)->(4, 0)
[-20.6872138977051, -10.0822105407715, 1.77389943599701]::(231.0, 47.0, 199.0, 265.0)::(142.0, 13.0)->(4, 0)
[-19.9357490539551, -10.003662109375, 1.92057478427887]::(231.0, 47.0, 199.0, 265.0)::(140.0, 13.0)->(4, 0)
[-21.147985458374, -10.1951236724854, 2.09448599815369]::(231.0, 47.0, 199.0, 265.0)::(140.0, 13.0)->(4, 0)
[-20.6363868713379, -9.0019998550415, 2.00870442390442]::(231.0, 47.0, 199.0, 265.0)::(140.0, 13.0)->(4, 0)
[-19.9892635345459, -9.46375560760498, 1.79036283493042]::(231.0, 47.0, 199.0, 265.0)::(142.0, 13.0)->(4, 0)
[-20.6533374786377, -10.1492929458618, 1.91173326969147]::(237.0, 49.0, 190.0, 253.0)::(142.0, 13.0)->(4, 0)
[-20.8067722320557, -9.60384273529053, 1.94732213020325]::(237.0, 49.0, 190.0, 253.0)::(140.0, 13.0)->(4, 0)
[-20.1727981567383, -9.47679615020752, 1.6281830072403]::(237.0, 49.0, 190.0, 253.0)::(142.0, 13.0)->(4, 0)
[-19.4192352294922, -9.81377220153809, 1.81199014186859]::(231.0, 46.0, 201.0, 268.0)::(140.0, 13.0)->(4, 0)
[-20.3369197845459, -9.82901382446289, 1.92658376693726]::(231.0, 46.0, 201.0, 268.0)::(140.0, 13.0)->(4, 0)
[-19.6481285095215, -9.84155178070068, 1.6810210943222]::(231.0, 46.0, 201.0, 268.0)::(140.0, 13.0)->(4, 0)
[-19.9271354675293, -9.71005535125732, 1.81903779506683]::(231.0, 46.0, 201.0, 268.0)::(142.0, 13.0)->(4, 0)
[-20.3502540588379, -9.87283134460449, 1.88876914978027]::(231.0, 46.0, 201.0, 268.0)::(142.0, 13.0)->(4, 0)
[-20.127233505249, -9.91609001159668, 1.56306350231171]::(236.0, 47.0, 192.0, 256.0)::(140.0, 13.0)->(4, 0)
[-20.5540161132812, -10.3467273712158, 1.90487492084503]::(236.0, 47.0, 192.0, 256.0)::(142.0, 13.0)->(4, 0)
[-20.8638896942139, -9.96603298187256, 2.02861881256104]::(230.0, 41.0, 204.0, 272.0)::(132.0, 13.0)->(4, 0)
[-19.649600982666, -9.44171047210693, 1.71728312969208]::(235.0, 49.0, 194.0, 258.0)::(142.0, 13.0)->(4, 0)
[-20.5948696136475, -9.40221500396729, 1.75170648097992]::(235.0, 49.0, 194.0, 258.0)::(132.0, 13.0)->(4, 0)
[-19.6781826019287, -9.30511569976807, 1.6931084394455]::(235.0, 49.0, 194.0, 258.0)::(140.0, 13.0)->(4, 0)
[-20.5792121887207, -10.0052070617676, 1.72168922424316]::(235.0, 49.0, 194.0, 258.0)::(140.0, 13.0)->(4, 0)
[-20.8851642608643, -10.0512666702271, 1.84213125705719]::(235.0, 49.0, 194.0, 258.0)::(130.0, 13.0)->(4, 0)
[-19.8665199279785, -10.2849225997925, 1.94564878940582]::(235.0, 49.0, 194.0, 258.0)::(140.0, 13.0)->(4, 0)
[-20.7064418792725, -9.82005596160889, 1.95061266422272]::(235.0, 49.0, 194.0, 258.0)::(142.0, 13.0)->(4, 0)
[-20.6782512664795, -10.1946487426758, 1.74340903759003]::(235.0, 49.0, 194.0, 258.0)::(145.0, 13.0)->(4, 0)
[-20.5621566772461, -9.36412906646729, 1.9053920507431]::(235.0, 49.0, 194.0, 258.0)::(145.0, 13.0)->(4, 0)
[-20.6640930175781, -10.0275249481201, 2.02077913284302]::(235.0, 49.0, 194.0, 258.0)::(132.0, 13.0)->(4, 0)
[-20.4018402099609, -10.0818758010864, 1.91331851482391]::(235.0, 49.0, 194.0, 258.0)::(132.0, 13.0)->(4, 0)
[-20.5579986572266, -9.79315948486328, 1.93122208118439]::(235.0, 49.0, 194.0, 258.0)::(132.0, 13.0)->(4, 0)
[-20.9668769836426, -10.3255033493042, 1.81213176250458]::(232.0, 44.0, 203.0, 270.0)::(132.0, 12.0)->(4, 0)
[-20.099681854248, -9.66416263580322, 1.99678790569305]::(232.0, 44.0, 203.0, 270.0)::(132.0, 12.0)->(4, 0)
[-20.7018432617188, -10.0829153060913, 1.73086392879486]::(238.0, 49.0, 192.0, 256.0)::(132.0, 12.0)->(4, 0)
[-20.4139785766602, -10.474440574646, 1.73766231536865]::(232.0, 44.0, 205.0, 273.0)::(132.0, 12.0)->(4, 0)
[-20.7716045379639, -10.4551820755005, 1.94401633739471]::(235.0, 46.0, 193.0, 257.0)::(132.0, 12.0)->(4, 0)
[-21.0953426361084, -10.4607582092285, 2.23408532142639]::(232.0, 42.0, 205.0, 273.0)::(132.0, 12.0)->(4, 0)
[-19.921760559082, -9.75521087646484, 1.78168773651123]::(232.0, 42.0, 205.0, 273.0)::(132.0, 12.0)->(4, 0)
[-20.7013320922852, -9.438551902771, 1.9466381072998]::(234.0, 47.0, 194.0, 258.0)::(132.0, 12.0)->(4, 0)
[-21.3154716491699, -10.5844087600708, 2.01177716255188]::(234.0, 47.0, 194.0, 258.0)::(130.0, 12.0)->(4, 0)
[-20.8949584960938, -9.85407543182373, 1.68715512752533]::(234.0, 47.0, 194.0, 258.0)::(132.0, 12.0)->(4, 0)
[-21.2377529144287, -10.3432111740112, 1.83245933055878]::(234.0, 47.0, 194.0, 258.0)::(132.0, 12.0)->(4, 0)
[-20.6378536224365, -9.57303810119629, 1.82239460945129]::(234.0, 47.0, 194.0, 258.0)::(130.0, 12.0)->(4, 0)
[-20.88720703125, -10.6099910736084, 1.98088145256042]::(234.0, 47.0, 194.0, 258.0)::(130.0, 12.0)->(4, 0)
[-21.1639442443848, -10.0854787826538, 2.0792772769928]::(234.0, 47.0, 194.0, 258.0)::(132.0, 12.0)->(4, 0)
[-20.6188278198242, -9.88329124450684, 1.93383634090424]::(234.0, 47.0, 194.0, 258.0)::(135.0, 12.0)->(4, 0)
[-21.2266254425049, -9.74208927154541, 1.9223575592041]::(234.0, 47.0, 194.0, 258.0)::(132.0, 12.0)->(4, 0)
[-20.0308017730713, -9.26236248016357, 1.88348317146301]::(234.0, 47.0, 194.0, 258.0)::(132.0, 12.0)->(4, 0)
[-20.185676574707, -9.80892086029053, 1.80586528778076]::(234.0, 47.0, 194.0, 258.0)::(132.0, 12.0)->(4, 0)
[-20.944730758667, -9.35635566711426, 1.86387813091278]::(234.0, 47.0, 194.0, 258.0)::(132.0, 12.0)->(4, 0)
[-20.8420639038086, -10.1564483642578, 1.78728115558624]::(234.0, 47.0, 194.0, 258.0)::(137.0, 12.0)->(4, 0)
[-21.2112731933594, -9.63496017456055, 1.80243682861328]::(234.0, 47.0, 194.0, 258.0)::(137.0, 12.0)->(4, 0)
[-21.2499504089355, -9.50207614898682, 1.9147082567215]::(234.0, 47.0, 194.0, 258.0)::(135.0, 12.0)->(4, 0)
[-20.364444732666, -10.0096063613892, 1.93197596073151]::(234.0, 47.0, 194.0, 258.0)::(137.0, 12.0)->(4, 0)
[-20.9277019500732, -9.88385200500488, 2.07518577575684]::(234.0, 47.0, 194.0, 258.0)::(132.0, 12.0)->(4, 0)
[-20.6665725708008, -9.79505729675293, 1.77875316143036]::(234.0, 47.0, 194.0, 258.0)::(132.0, 12.0)->(4, 0)
[-20.4656925201416, -9.09208965301514, 1.69140613079071]::(234.0, 47.0, 194.0, 258.0)::(132.0, 12.0)->(4, 0)
[-20.6619892120361, -9.95457172393799, 1.93629550933838]::(234.0, 47.0, 194.0, 258.0)::(132.0, 12.0)->(4, 0)
[-21.0273418426514, -9.9270076751709, 1.70510518550873]::(234.0, 47.0, 194.0, 258.0)::(135.0, 12.0)->(4, 0)
[-21.3777389526367, -9.49198150634766, 1.95373976230621]::(234.0, 47.0, 194.0, 258.0)::(135.0, 12.0)->(4, 0)
[-21.1628112792969, -10.0776424407959, 2.073002576828]::(234.0, 47.0, 194.0, 258.0)::(135.0, 12.0)->(4, 0)
[-20.6636199951172, -9.35916137695312, 2.00162076950073]::(234.0, 47.0, 194.0, 258.0)::(135.0, 12.0)->(4, 0)
[-21.509521484375, -9.82745361328125, 2.20709133148193]::(234.0, 47.0, 194.0, 258.0)::(132.0, 12.0)->(4, 0)
[-21.5344333648682, -9.71966457366943, 2.07176280021667]::(234.0, 47.0, 194.0, 258.0)::(130.0, 12.0)->(4, 0)
[-20.1899185180664, -9.70692157745361, 1.83313894271851]::(234.0, 47.0, 194.0, 258.0)::(130.0, 12.0)->(4, 0)
[-20.5779266357422, -9.93624877929688, 1.83300077915192]::(232.0, 42.0, 203.0, 270.0)::(130.0, 12.0)->(4, 0)
[-20.5390205383301, -9.56459140777588, 1.717902302742]::(235.0, 51.0, 193.0, 257.0)::(127.0, 12.0)->(4, 0)
[-20.5318794250488, -9.89280128479004, 1.76386404037476]::(235.0, 51.0, 193.0, 257.0)::(130.0, 12.0)->(4, 0)
[-20.6535243988037, -9.74296188354492, 1.80827248096466]::(235.0, 51.0, 193.0, 257.0)::(130.0, 12.0)->(4, 0)
[-20.7014675140381, -9.98726367950439, 1.92788541316986]::(235.0, 51.0, 193.0, 257.0)::(132.0, 12.0)->(4, 0)
[-19.8659324645996, -9.69856262207031, 1.80238473415375]::(235.0, 51.0, 193.0, 257.0)::(130.0, 12.0)->(4, 0)
[-21.7042636871338, -10.2872438430786, 1.97004210948944]::(235.0, 51.0, 193.0, 257.0)::(135.0, 12.0)->(4, 0)
[-20.4759101867676, -9.41206836700439, 1.60157859325409]::(235.0, 51.0, 193.0, 257.0)::(130.0, 12.0)->(4, 0)
[-21.2825050354004, -9.58866596221924, 1.82345628738403]::(235.0, 51.0, 193.0, 257.0)::(130.0, 12.0)->(4, 0)
[-20.7793197631836, -9.81221961975098, 1.88297820091248]::(235.0, 51.0, 193.0, 257.0)::(130.0, 12.0)->(4, 0)
[-19.7352161407471, -9.09612846374512, 1.69255471229553]::(235.0, 51.0, 193.0, 257.0)::(130.0, 12.0)->(4, 0)
[-20.0360221862793, -9.66156196594238, 1.64898204803467]::(235.0, 51.0, 193.0, 257.0)::(132.0, 12.0)->(4, 0)
[-20.5164413452148, -9.76877403259277, 1.70617198944092]::(235.0, 51.0, 193.0, 257.0)::(130.0, 12.0)->(4, 0)
