[-18.938138961792, 0.596355020999908, 1.83597278594971]::(244.0, 78.0, 151.0, 201.0)::(51.0, 8.0)->(0, 0)
[-19.4388065338135, 0.502212107181549, 1.77540302276611]::(244.0, 78.0, 151.0, 201.0)::(48.0, 8.0)->(0, 0)
[-19.3086757659912, 0.521630167961121, 1.85514640808105]::(244.0, 78.0, 151.0, 201.0)::(64.0, 8.0)->(0, 0)
[-18.9080410003662, 0.474722117185593, 1.8635915517807]::(244.0, 78.0, 151.0, 201.0)::(67.0, 8.0)->(0, 0)
[-18.0814170837402, 0.522044539451599, 1.86114311218262]::(244.0, 78.0, 151.0, 201.0)::(61.0, 8.0)->(0, 0)
[-18.9530372619629, 0.0287306569516659, 2.05497050285339]::(244.0, 78.0, 151.0, 201.0)::(61.0, 8.0)->(0, 0)
[-18.9787101745605, 0.290928572416306, 1.73957848548889]::(244.0, 78.0, 151.0, 201.0)::(51.0, 8.0)->(0, 0)
[-19.8729400634766, 0.439822047948837, 1.96418380737305]::(244.0, 78.0, 151.0, 201.0)::(64.0, 8.0)->(0, 0)
[-19.5018119812012, 0.95012903213501, 1.6925665140152]::(244.0, 78.0, 151.0, 201.0)::(64.0, 8.0)->(0, 0)
[-18.9553852081299, 0.591172814369202, 1.83333170413971]::(244.0, 78.0, 151.0, 201.0)::(60.0, 10.0)->(0, 0)
[-19.5419692993164, 0.61134135723114, 1.98936092853546]::(244.0, 78.0, 151.0, 201.0)::(60.0, 10.0)->(0, 0)
[-18.8739986419678, 0.32455313205719, 1.92398047447205]::(244.0, 78.0, 151.0, 201.0)::(56.0, 10.0)->(0, 0)
[-19.39821434021, 0.562411248683929, 1.73726940155029]::(244.0, 78.0, 151.0, 201.0)::(60.0, 10.0)->(0, 0)
[-18.6365528106689, 0.180835321545601, 2.08553528785706]::(244.0, 78.0, 151.0, 201.0)::(56.0, 10.0)->(0, 0)
[-18.9502582550049, 0.710074722766876, 1.96127009391785]::(244.0, 78.0, 151.0, 201.0)::(53.0, 10.0)->(0, 0)
[-18.5798625946045, 0.0869187787175179, 1.93796753883362]::(244.0, 78.0, 151.0, 201.0)::(60.0, 10.0)->(0, 0)
[-19.3877182006836, 1.35808873176575, 1.62554550170898]::(244.0, 78.0, 151.0, 201.0)::(60.0, 10.0)->(0, 0)
[-18.9214916229248, -0.402207106351852, 1.9989161491394]::(244.0, 78.0, 151.0, 201.0)::(50.0, 10.0)->(0, 0)
[-18.2627277374268, -0.00322150136344135, 2.2037570476532]::(244.0, 78.0, 151.0, 201.0)::(53.0, 10.0)->(0, 0)
[-19.2105655670166, 0.638845205307007, 1.72442591190338]::(244.0, 78.0, 151.0, 201.0)::(56.0, 10.0)->(0, 0)
[-18.4553070068359, -0.136135458946228, 1.77223372459412]::(244.0, 78.0, 151.0, 201.0)::(60.0, 10.0)->(0, 0)
[-18.2872123718262, 0.62091863155365, 1.61835169792175]::(244.0, 78.0, 151.0, 201.0)::(56.0, 10.0)->(0, 0)
[-18.5734767913818, -0.372501075267792, 2.06436085700989]::(244.0, 78.0, 151.0, 201.0)::(56.0, 10.0)->(0, 0)
[-18.0512294769287, 0.488211303949356, 1.85250353813171]::(244.0, 78.0, 151.0, 201.0)::(56.0, 10.0)->(0, 0)
[-18.7135334014893, 0.167926833033562, 2.05518484115601]::(244.0, 78.0, 151.0, 201.0)::(56.0, 10.0)->(0, 0)
[-18.1678943634033, 0.0807567164301872, 2.05916857719421]::(244.0, 78.0, 151.0, 201.0)::(53.0, 10.0)->(0, 0)
[-18.3066062927246, 0.373144298791885, 2.01372170448303]::(244.0, 78.0, 151.0, 201.0)::(50.0, 10.0)->(0, 0)
[-18.8432846069336, 0.223214983940125, 1.85078358650208]::(244.0, 78.0, 151.0, 201.0)::(56.0, 10.0)->(0, 0)
[-19.265495300293, 0.166268929839134, 1.95198273658752]::(244.0, 78.0, 151.0, 201.0)::(56.0, 10.0)->(0, 0)
[-18.7267665863037, 0.67684143781662, 1.89143633842468]::(244.0, 78.0, 151.0, 201.0)::(56.0, 10.0)->(0, 0)
[-19.2333240509033, 0.026913134381175, 1.96157658100128]::(244.0, 78.0, 151.0, 201.0)::(50.0, 10.0)->(0, 0)
[-19.7102355957031, 0.425849884748459, 1.81482338905334]::(244.0, 78.0, 151.0, 201.0)::(50.0, 10.0)->(0, 0)
[-18.8320465087891, 0.778910756111145, 1.69379234313965]::(244.0, 78.0, 151.0, 201.0)::(53.0, 10.0)->(0, 0)
[-18.6301670074463, 0.284403890371323, 2.00397419929504]::(244.0, 78.0, 151.0, 201.0)::(50.0, 10.0)->(0, 0)
[-18.6604042053223, 0.144614189863205, 1.87144362926483]::(244.0, 78.0, 151.0, 201.0)::(56.0, 10.0)->(0, 0)
[-19.7823276519775, 0.695422828197479, 1.79520082473755]::(244.0, 78.0, 151.0, 201.0)::(56.0, 10.0)->(0, 0)
[-17.7952575683594, 0.518983066082001, 1.86837732791901]::(244.0, 78.0, 151.0, 201.0)::(56.0, 10.0)->(0, 0)
[-18.7130107879639, 0.469791561365128, 1.7651801109314]::(244.0, 78.0, 151.0, 201.0)::(60.0, 10.0)->(0, 0)
[-18.5074520111084, 0.28748631477356, 2.05424094200134]::(244.0, 78.0, 151.0, 201.0)::(53.0, 10.0)->(0, 0)
[-19.0873737335205, 0.596262633800507, 1.84080493450165]::(244.0, 78.0, 151.0, 201.0)::(53.0, 10.0)->(0, 0)
[-18.1414604187012, -0.658828675746918, 2.20860409736633]::(244.0, 78.0, 151.0, 201.0)::(56.0, 10.0)->(0, 0)
[-18.254674911499, 0.179059326648712, 2.02234077453613]::(244.0, 78.0, 151.0, 201.0)::(56.0, 10.0)->(0, 0)
[-19.1385326385498, 0.163186311721802, 1.9939181804657]::(244.0, 78.0, 151.0, 201.0)::(50.0, 10.0)->(0, 0)
[-18.3354797363281, 0.515627682209015, 1.97854721546173]::(244.0, 78.0, 151.0, 201.0)::(53.0, 10.0)->(0, 0)
[-18.9575786590576, 0.494113773107529, 1.75525295734406]::(244.0, 78.0, 151.0, 201.0)::(53.0, 10.0)->(0, 0)
[-18.2543544769287, -0.177158609032631, 2.06869196891785]::(244.0, 78.0, 151.0, 201.0)::(56.0, 10.0)->(0, 0)
[-18.0246353149414, 0.484109818935394, 1.87537002563477]::(244.0, 78.0, 151.0, 201.0)::(56.0, 10.0)->(0, 0)
[-19.309534072876, 0.850115954875946, 1.90555000305176]::(244.0, 78.0, 151.0, 201.0)::(56.0, 10.0)->(0, 0)
[-18.9117183685303, 0.439308881759644, 1.89059257507324]::(244.0, 78.0, 151.0, 201.0)::(53.0, 10.0)->(0, 0)
[-18.1931133270264, -0.988497138023376, 2.19461297988892]::(244.0, 78.0, 151.0, 201.0)::(53.0, 10.0)->(0, 0)
[-18.6791439056396, 0.349641144275665, 1.90081560611725]::(244.0, 78.0, 151.0, 201.0)::(50.0, 10.0)->(0, 0)
[-18.7962646484375, 0.210731536149979, 1.86517441272736]::(244.0, 78.0, 151.0, 201.0)::(56.0, 10.0)->(0, 0)
[-18.4032497406006, -0.432117015123367, 1.9713796377182]::(244.0, 78.0, 151.0, 201.0)::(50.0, 10.0)->(0, 0)
[-17.8072605133057, -0.185804605484009, 2.12607192993164]::(244.0, 78.0, 151.0, 201.0)::(50.0, 10.0)->(0, 0)
[-17.6600513458252, 0.0711283013224602, 1.97229969501495]::(244.0, 78.0, 151.0, 201.0)::(53.0, 10.0)->(0, 0)
[-17.6273880004883, -0.0444106422364712, 1.81601130962372]::(244.0, 78.0, 151.0, 201.0)::(50.0, 10.0)->(0, 0)
[-17.4477710723877, -0.277055531740189, 2.20158886909485]::(244.0, 78.0, 151.0, 201.0)::(50.0, 10.0)->(0, 0)
[-18.8693256378174, 0.941691637039185, 1.90163242816925]::(244.0, 78.0, 151.0, 201.0)::(50.0, 10.0)->(0, 0)
[-19.0364608764648, 0.17712490260601, 1.95484220981598]::(244.0, 78.0, 151.0, 201.0)::(50.0, 10.0)->(0, 0)
[-18.5864448547363, 0.875079274177551, 1.90112018585205]::(244.0, 78.0, 151.0, 201.0)::(53.0, 10.0)->(0, 0)
[-18.0859107971191, 1.21513831615448, 1.57193493843079]::(244.0, 78.0, 151.0, 201.0)::(53.0, 10.0)->(0, 0)
[-19.1455154418945, 1.01094949245453, 1.82405388355255]::(244.0, 78.0, 151.0, 201.0)::(56.0, 10.0)->(0, 0)
[-18.4996433258057, 0.561520934104919, 1.86937952041626]::(244.0, 78.0, 151.0, 201.0)::(50.0, 10.0)->(0, 0)
[-18.7279186248779, 0.442572712898254, 1.7317373752594]::(244.0, 78.0, 151.0, 201.0)::(50.0, 10.0)->(0, 0)
[-18.1687717437744, 0.310874104499817, 1.76084041595459]::(244.0, 78.0, 151.0, 201.0)::(56.0, 10.0)->(0, 0)
[-18.0735092163086, -0.551559746265411, 1.67937874794006]::(244.0, 78.0, 151.0, 201.0)::(60.0, 10.0)->(0, 0)
[-18.8167629241943, -0.440302282571793, 1.87108397483826]::(244.0, 78.0, 151.0, 201.0)::(53.0, 10.0)->(0, 0)
[-19.2280406951904, 0.373692214488983, 1.71536576747894]::(244.0, 78.0, 151.0, 201.0)::(56.0, 10.0)->(0, 0)
[-20.4762935638428, 0.770080924034119, 1.71061265468597]::(244.0, 78.0, 151.0, 201.0)::(50.0, 10.0)->(0, 0)
[-18.7009048461914, 0.371539831161499, 1.98082745075226]::(244.0, 78.0, 151.0, 201.0)::(56.0, 10.0)->(0, 0)
[-17.5701465606689, -1.05258524417877, 2.10858345031738]::(244.0, 78.0, 151.0, 201.0)::(50.0, 10.0)->(0, 0)
[-19.0061149597168, -0.460427820682526, 2.03730416297913]::(244.0, 78.0, 151.0, 201.0)::(56.0, 10.0)->(0, 0)
[-17.8050327301025, -0.575119316577911, 2.14625573158264]::(244.0, 78.0, 151.0, 201.0)::(53.0, 10.0)->(0, 0)
[-18.9124870300293, 0.0288815349340439, 2.08154439926147]::(244.0, 78.0, 151.0, 201.0)::(53.0, 10.0)->(0, 0)
[-18.4794998168945, 0.100377023220062, 1.96479833126068]::(244.0, 78.0, 151.0, 201.0)::(56.0, 10.0)->(0, 0)
[-18.1300754547119, -0.321558743715286, 1.92399728298187]::(244.0, 78.0, 151.0, 201.0)::(53.0, 10.0)->(0, 0)
[-18.7757987976074, 0.150890573859215, 1.97286772727966]::(244.0, 78.0, 151.0, 201.0)::(53.0, 10.0)->(0, 0)
[-17.7236289978027, -0.65063351392746, 1.90471243858337]::(244.0, 78.0, 151.0, 201.0)::(53.0, 10.0)->(0, 0)
[-20.209545135498, 0.506831765174866, 1.88149094581604]::(244.0, 78.0, 151.0, 201.0)::(56.0, 10.0)->(0, 0)
[-18.4150161743164, 0.256843835115433, 1.79866123199463]::(244.0, 78.0, 151.0, 201.0)::(53.0, 10.0)->(0, 0)
[-19.8286437988281, 0.265559136867523, 1.75765097141266]::(244.0, 78.0, 151.0, 201.0)::(53.0, 10.0)->(0, 0)
[-19.3997364044189, 0.317772179841995, 1.84804964065552]::(244.0, 78.0, 151.0, 201.0)::(53.0, 10.0)->(0, 0)
[-20.03342628479, 0.331338793039322, 2.06547808647156]::(244.0, 78.0, 151.0, 201.0)::(56.0, 10.0)->(0, 0)
[-18.674467086792, 0.183599591255188, 1.98237359523773]::(244.0, 78.0, 151.0, 201.0)::(50.0, 10.0)->(0, 0)
[-20.1632919311523, 0.381999492645264, 1.72392880916595]::(244.0, 78.0, 151.0, 201.0)::(50.0, 10.0)->(0, 0)
[-19.0244102478027, 0.463150918483734, 1.7654834985733]::(244.0, 78.0, 151.0, 201.0)::(53.0, 10.0)->(0, 0)
[-18.5009651184082, -0.753949880599976, 1.90649557113647]::(244.0, 78.0, 151.0, 201.0)::(50.0, 10.0)->(0, 0)
[-17.6724700927734, -0.274256736040115, 1.86336588859558]::(244.0, 78.0, 151.0, 201.0)::(50.0, 10.0)->(0, 0)
[-19.1695899963379, -0.0222003031522036, 1.93119418621063]::(244.0, 78.0, 151.0, 201.0)::(50.0, 10.0)->(0, 0)
[-18.4755344390869, -0.34688013792038, 1.75232267379761]::(244.0, 78.0, 151.0, 201.0)::(50.0, 10.0)->(0, 0)
[-17.8443202972412, 0.0936566069722176, 1.49319314956665]::(244.0, 78.0, 151.0, 201.0)::(80.0, 11.0)->(1, 0)
[-18.7951641082764, -0.0350275337696075, 1.68708395957947]::(244.0, 78.0, 151.0, 201.0)::(77.0, 11.0)->(1, 0)
[-17.2594337463379, -0.714529871940613, 1.82651746273041]::(244.0, 78.0, 151.0, 201.0)::(77.0, 11.0)->(1, 0)
[-19.2553825378418, -0.0851177722215652, 1.81077861785889]::(244.0, 78.0, 151.0, 201.0)::(77.0, 11.0)->(1, 0)
[-18.1452541351318, -0.911609649658203, 1.83622634410858]::(244.0, 78.0, 151.0, 201.0)::(80.0, 11.0)->(1, 0)
[-18.21630859375, -0.166281908750534, 1.85990214347839]::(244.0, 78.0, 151.0, 201.0)::(80.0, 11.0)->(1, 0)
[-17.6616344451904, -0.215320140123367, 1.85062181949615]::(244.0, 78.0, 151.0, 201.0)::(77.0, 11.0)->(1, 0)
[-19.6696357727051, -0.0748380571603775, 1.66912174224854]::(244.0, 78.0, 151.0, 201.0)::(77.0, 11.0)->(1, 0)
[-18.320894241333, 0.00880440697073936, 1.79537737369537]::(244.0, 78.0, 151.0, 201.0)::(80.0, 11.0)->(1, 0)
[-18.1360092163086, -0.659092366695404, 1.90425038337708]::(244.0, 78.0, 151.0, 201.0)::(80.0, 11.0)->(1, 0)
[-18.7127094268799, -0.844831347465515, 1.74132192134857]::(244.0, 78.0, 151.0, 201.0)::(83.0, 11.0)->(1, 0)
[-17.7540493011475, -0.458493590354919, 1.64508295059204]::(244.0, 78.0, 151.0, 201.0)::(83.0, 11.0)->(1, 0)
[-19.0558204650879, 0.382377535104752, 1.58187913894653]::(244.0, 78.0, 151.0, 201.0)::(83.0, 11.0)->(1, 0)
[-18.9583969116211, -0.528871834278107, 1.84594893455505]::(244.0, 78.0, 151.0, 201.0)::(77.0, 11.0)->(1, 0)
[-18.728588104248, -0.832141518592834, 1.8664083480835]::(244.0, 78.0, 151.0, 201.0)::(74.0, 11.0)->(1, 0)
[-18.6035003662109, -0.39555698633194, 1.79049050807953]::(244.0, 78.0, 151.0, 201.0)::(74.0, 11.0)->(1, 0)
[-18.433292388916, -1.08266508579254, 1.93796586990356]::(244.0, 78.0, 151.0, 201.0)::(74.0, 11.0)->(1, 0)
[-18.6130905151367, 0.129638016223907, 1.35809624195099]::(244.0, 78.0, 151.0, 201.0)::(74.0, 11.0)->(1, 0)
[-18.5605297088623, -0.76332014799118, 1.86054742336273]::(244.0, 78.0, 151.0, 201.0)::(74.0, 11.0)->(1, 0)
[-18.5327625274658, -0.392344176769257, 1.72310698032379]::(244.0, 78.0, 151.0, 201.0)::(74.0, 11.0)->(1, 0)
[-18.721643447876, -0.221518501639366, 1.63352060317993]::(244.0, 78.0, 151.0, 201.0)::(74.0, 11.0)->(1, 0)
[-18.2069511413574, -0.55450963973999, 1.64535892009735]::(244.0, 78.0, 151.0, 201.0)::(74.0, 11.0)->(1, 0)
[-18.1034736633301, -0.935305535793304, 1.8369996547699]::(244.0, 78.0, 151.0, 201.0)::(74.0, 11.0)->(1, 0)
[-17.2665061950684, -0.537546694278717, 1.74240362644196]::(244.0, 78.0, 151.0, 201.0)::(74.0, 11.0)->(1, 0)
[-19.6871299743652, -0.15470989048481, 1.68936944007874]::(244.0, 78.0, 151.0, 201.0)::(80.0, 11.0)->(1, 0)
[-19.1056442260742, -0.637621462345123, 1.82649040222168]::(244.0, 78.0, 151.0, 201.0)::(80.0, 11.0)->(1, 0)
[-18.6989860534668, -0.469442427158356, 1.82001662254333]::(244.0, 78.0, 151.0, 201.0)::(80.0, 11.0)->(1, 0)
[-19.4642848968506, -0.200585946440697, 1.68315577507019]::(244.0, 78.0, 151.0, 201.0)::(77.0, 11.0)->(1, 0)
[-18.0296497344971, -1.24853682518005, 2.02237558364868]::(244.0, 78.0, 151.0, 201.0)::(80.0, 11.0)->(1, 0)
[-18.7400588989258, -0.128808885812759, 1.51326680183411]::(244.0, 78.0, 151.0, 201.0)::(83.0, 11.0)->(1, 0)
[-18.8596134185791, 0.499635219573975, 1.5549818277359]::(244.0, 78.0, 151.0, 201.0)::(80.0, 11.0)->(1, 0)
[-18.884557723999, 0.112023331224918, 1.63218986988068]::(244.0, 78.0, 151.0, 201.0)::(80.0, 11.0)->(1, 0)
[-19.4607906341553, -0.313773155212402, 1.71025550365448]::(244.0, 78.0, 151.0, 201.0)::(77.0, 11.0)->(1, 0)
[-17.9497623443604, -0.976148784160614, 1.6247398853302]::(244.0, 78.0, 151.0, 201.0)::(77.0, 11.0)->(1, 0)
[-17.9793815612793, -0.94583535194397, 1.82913279533386]::(244.0, 78.0, 151.0, 201.0)::(74.0, 11.0)->(1, 0)
[-19.2332077026367, -0.745989799499512, 1.64547789096832]::(244.0, 78.0, 151.0, 201.0)::(80.0, 11.0)->(1, 0)
[-18.8299102783203, 0.346592158079147, 1.45499265193939]::(244.0, 78.0, 151.0, 201.0)::(83.0, 11.0)->(1, 0)
[-18.8928718566895, -1.06440734863281, 1.92855894565582]::(244.0, 78.0, 151.0, 201.0)::(83.0, 11.0)->(1, 0)
[-17.9001636505127, -1.00591099262238, 1.71203458309174]::(244.0, 78.0, 151.0, 201.0)::(80.0, 11.0)->(1, 0)
[-18.3624038696289, -0.541094183921814, 1.63213491439819]::(244.0, 78.0, 151.0, 201.0)::(83.0, 11.0)->(1, 0)
[-18.5795917510986, 0.487454056739807, 1.41029322147369]::(244.0, 78.0, 151.0, 201.0)::(83.0, 11.0)->(1, 0)
[-18.9990272521973, -0.275141507387161, 1.55330610275269]::(244.0, 78.0, 151.0, 201.0)::(83.0, 11.0)->(1, 0)
[-19.4470882415771, 0.225468307733536, 1.34219634532928]::(244.0, 78.0, 151.0, 201.0)::(80.0, 11.0)->(1, 0)
[-18.8269748687744, -0.276204764842987, 1.65344870090485]::(244.0, 78.0, 151.0, 201.0)::(77.0, 11.0)->(1, 0)
[-18.5925960540771, -0.185563594102859, 1.6534321308136]::(244.0, 78.0, 151.0, 201.0)::(77.0, 11.0)->(1, 0)
[-17.8331508636475, 0.0913465246558189, 1.54363930225372]::(244.0, 78.0, 151.0, 201.0)::(83.0, 11.0)->(1, 0)
[-19.8208770751953, 0.0684942752122879, 1.52233517169952]::(244.0, 78.0, 151.0, 201.0)::(83.0, 11.0)->(1, 0)
[-19.5843849182129, -0.482018560171127, 1.57439923286438]::(244.0, 78.0, 151.0, 201.0)::(83.0, 11.0)->(1, 0)
[-18.9628429412842, 0.0311345905065536, 1.5440149307251]::(244.0, 78.0, 151.0, 201.0)::(80.0, 11.0)->(1, 0)
[-19.2749881744385, -0.60138350725174, 1.59211385250092]::(244.0, 78.0, 151.0, 201.0)::(77.0, 11.0)->(1, 0)
[-20.0247344970703, 0.606080591678619, 1.4953351020813]::(244.0, 78.0, 151.0, 201.0)::(77.0, 11.0)->(1, 0)
[-18.8781356811523, -0.160900712013245, 1.66366195678711]::(244.0, 78.0, 151.0, 201.0)::(77.0, 11.0)->(1, 0)
[-18.0792980194092, -0.850725591182709, 1.79549241065979]::(244.0, 78.0, 151.0, 201.0)::(74.0, 11.0)->(1, 0)
[-18.8090686798096, -0.792254328727722, 1.85380005836487]::(244.0, 78.0, 151.0, 201.0)::(77.0, 11.0)->(1, 0)
[-18.3115482330322, -0.797386109828949, 1.78902637958527]::(244.0, 78.0, 151.0, 201.0)::(83.0, 11.0)->(1, 0)
[-19.8501033782959, -0.191919878125191, 1.48940467834473]::(244.0, 78.0, 151.0, 201.0)::(80.0, 11.0)->(1, 0)
[-19.7002601623535, -0.464076101779938, 1.58075261116028]::(244.0, 78.0, 151.0, 201.0)::(80.0, 11.0)->(1, 0)
[-19.5611000061035, -0.0797097757458687, 1.56822431087494]::(244.0, 78.0, 151.0, 201.0)::(80.0, 11.0)->(1, 0)
[-18.6672515869141, -0.633016109466553, 1.51295709609985]::(244.0, 78.0, 151.0, 201.0)::(77.0, 11.0)->(1, 0)
[-18.8241062164307, 0.191547408699989, 1.52931702136993]::(244.0, 78.0, 151.0, 201.0)::(80.0, 11.0)->(1, 0)
[-19.7561912536621, -0.0869860425591469, 1.42425215244293]::(244.0, 78.0, 151.0, 201.0)::(83.0, 11.0)->(1, 0)
[-18.4130401611328, -0.345891147851944, 1.78637838363647]::(244.0, 78.0, 151.0, 201.0)::(77.0, 11.0)->(1, 0)
[-18.5499477386475, -0.413074314594269, 1.79653596878052]::(244.0, 78.0, 151.0, 201.0)::(80.0, 11.0)->(1, 0)
[-18.9031581878662, -0.853792369365692, 1.61527943611145]::(244.0, 78.0, 151.0, 201.0)::(77.0, 11.0)->(1, 0)
[-18.0768547058105, -0.328054189682007, 1.60971856117249]::(244.0, 78.0, 151.0, 201.0)::(77.0, 11.0)->(1, 0)
[-19.1525421142578, 0.110890299081802, 1.65271055698395]::(244.0, 78.0, 151.0, 201.0)::(80.0, 11.0)->(1, 0)
[-19.3772468566895, -0.207615524530411, 1.61297214031219]::(244.0, 78.0, 151.0, 201.0)::(70.0, 8.0)->(1, 0)
[-18.5839443206787, -0.302050769329071, 1.47489202022552]::(244.0, 78.0, 151.0, 201.0)::(93.0, 8.0)->(1, 0)
[-18.5856018066406, -0.420642018318176, 1.78884017467499]::(244.0, 78.0, 151.0, 201.0)::(76.0, 8.0)->(1, 0)
[-17.7243213653564, -0.789409995079041, 1.63896906375885]::(244.0, 78.0, 151.0, 201.0)::(73.0, 8.0)->(1, 0)
[-18.146520614624, -0.497617959976196, 1.88570725917816]::(244.0, 78.0, 151.0, 201.0)::(76.0, 8.0)->(1, 0)
[-18.4957714080811, -0.457460790872574, 1.55173087120056]::(244.0, 78.0, 151.0, 201.0)::(73.0, 8.0)->(1, 0)
[-19.0263977050781, 0.381054073572159, 1.59629654884338]::(244.0, 78.0, 151.0, 201.0)::(73.0, 8.0)->(1, 0)
[-19.1468467712402, -0.402261286973953, 1.63112878799438]::(244.0, 78.0, 151.0, 201.0)::(76.0, 8.0)->(1, 0)
[-19.1264953613281, 0.126600578427315, 1.38989305496216]::(244.0, 78.0, 151.0, 201.0)::(76.0, 8.0)->(1, 0)
[-18.9244899749756, 0.0470272488892078, 1.72592186927795]::(244.0, 78.0, 151.0, 201.0)::(73.0, 8.0)->(1, 0)
[-18.1886291503906, -0.136026933789253, 1.53458309173584]::(244.0, 78.0, 151.0, 201.0)::(73.0, 8.0)->(1, 0)
[-18.965669631958, -0.413711279630661, 1.58614194393158]::(244.0, 78.0, 151.0, 201.0)::(73.0, 8.0)->(1, 0)
[-19.5680255889893, 0.117343373596668, 1.57556474208832]::(244.0, 78.0, 151.0, 201.0)::(73.0, 8.0)->(1, 0)
[-19.9866771697998, 0.0488129407167435, 1.66465151309967]::(244.0, 78.0, 151.0, 201.0)::(76.0, 8.0)->(1, 0)
[-17.6286869049072, -0.450330764055252, 1.58448040485382]::(244.0, 78.0, 151.0, 201.0)::(73.0, 8.0)->(1, 0)
[-19.6539649963379, -0.081617183983326, 1.39653849601746]::(244.0, 78.0, 151.0, 201.0)::(73.0, 8.0)->(1, 0)
[-19.6968154907227, 0.0750497132539749, 1.48427426815033]::(244.0, 78.0, 151.0, 201.0)::(73.0, 8.0)->(1, 0)
[-19.8980846405029, -0.0884837731719017, 1.50869262218475]::(244.0, 78.0, 151.0, 201.0)::(73.0, 8.0)->(1, 0)
[-18.8226146697998, 0.16250179708004, 1.70126557350159]::(244.0, 78.0, 151.0, 201.0)::(73.0, 8.0)->(1, 0)
[-19.4254970550537, 0.309243708848953, 1.56639814376831]::(244.0, 78.0, 151.0, 201.0)::(70.0, 8.0)->(1, 0)
[-19.616455078125, 0.350595027208328, 1.42474436759949]::(244.0, 78.0, 151.0, 201.0)::(73.0, 8.0)->(1, 0)
[-18.8841991424561, 0.0710613057017326, 1.64317166805267]::(244.0, 78.0, 151.0, 201.0)::(70.0, 8.0)->(1, 0)
[-18.3796787261963, -0.118229053914547, 1.54303014278412]::(244.0, 78.0, 151.0, 201.0)::(73.0, 8.0)->(1, 0)
[-19.6910705566406, -0.740441799163818, 1.69536983966827]::(244.0, 78.0, 151.0, 201.0)::(70.0, 8.0)->(1, 0)
[-17.9243793487549, -1.59985542297363, 1.93527281284332]::(244.0, 78.0, 151.0, 201.0)::(78.0, 10.0)->(2, 0)
[-18.0327053070068, -1.90215694904327, 1.88605201244354]::(244.0, 78.0, 151.0, 201.0)::(84.0, 10.0)->(2, 0)
[-17.9255485534668, -1.87827491760254, 1.85027992725372]::(244.0, 78.0, 151.0, 201.0)::(78.0, 10.0)->(2, 0)
[-17.6429214477539, -2.12441110610962, 1.8081579208374]::(244.0, 78.0, 151.0, 201.0)::(78.0, 10.0)->(2, 0)
[-17.740894317627, -1.83438241481781, 2.01726651191711]::(244.0, 78.0, 151.0, 201.0)::(84.0, 10.0)->(2, 0)
[-17.9353981018066, -1.42246735095978, 2.12420535087585]::(244.0, 78.0, 151.0, 201.0)::(81.0, 10.0)->(2, 0)
[-18.8250694274902, -2.00927090644836, 1.95136797428131]::(244.0, 78.0, 151.0, 201.0)::(81.0, 10.0)->(2, 0)
[-17.720142364502, -1.63696193695068, 1.8194328546524]::(244.0, 78.0, 151.0, 201.0)::(81.0, 10.0)->(2, 0)
[-17.8231201171875, -1.63907086849213, 1.91856873035431]::(244.0, 78.0, 151.0, 201.0)::(78.0, 10.0)->(2, 0)
[-18.3970012664795, -1.87351298332214, 2.15904831886292]::(244.0, 78.0, 151.0, 201.0)::(78.0, 10.0)->(2, 0)
[-17.8812065124512, -1.69853854179382, 2.10618019104004]::(244.0, 78.0, 151.0, 201.0)::(84.0, 10.0)->(2, 0)
[-17.3079395294189, -1.61075031757355, 1.96601724624634]::(244.0, 78.0, 151.0, 201.0)::(78.0, 10.0)->(2, 0)
[-17.1240921020508, -2.11313629150391, 1.95829296112061]::(244.0, 78.0, 151.0, 201.0)::(84.0, 10.0)->(2, 0)
[-18.937686920166, -1.75451838970184, 1.84124875068665]::(244.0, 78.0, 151.0, 201.0)::(81.0, 10.0)->(2, 0)
[-17.8598709106445, -1.71590757369995, 1.84783470630646]::(244.0, 78.0, 151.0, 201.0)::(81.0, 10.0)->(2, 0)
[-17.04469871521, -1.3212662935257, 1.87048447132111]::(244.0, 78.0, 151.0, 201.0)::(75.0, 10.0)->(2, 0)
[-18.0034313201904, -1.85787546634674, 1.97184407711029]::(244.0, 78.0, 151.0, 201.0)::(81.0, 10.0)->(2, 0)
[-17.9520149230957, -2.42009520530701, 1.91135168075562]::(244.0, 78.0, 151.0, 201.0)::(78.0, 10.0)->(2, 0)
[-19.0164985656738, -1.70823574066162, 1.84051918983459]::(244.0, 78.0, 151.0, 201.0)::(84.0, 10.0)->(2, 0)
[-18.3933620452881, -2.29448223114014, 2.09204268455505]::(244.0, 78.0, 151.0, 201.0)::(84.0, 10.0)->(2, 0)
[-18.5886325836182, -1.68507015705109, 1.85035157203674]::(244.0, 78.0, 151.0, 201.0)::(84.0, 10.0)->(2, 0)
[-17.4485263824463, -1.85395240783691, 2.11928582191467]::(244.0, 78.0, 151.0, 201.0)::(103.0, 9.0)->(2, 0)
[-18.4103260040283, -1.20009708404541, 1.94246399402618]::(244.0, 78.0, 151.0, 201.0)::(103.0, 9.0)->(2, 0)
[-18.0148410797119, -1.93326711654663, 2.07364678382874]::(244.0, 78.0, 151.0, 201.0)::(86.0, 9.0)->(2, 0)
[-18.3590354919434, -2.01213407516479, 2.15170621871948]::(244.0, 78.0, 151.0, 201.0)::(103.0, 9.0)->(2, 0)
[-16.5300064086914, -2.18478894233704, 1.86897993087769]::(244.0, 78.0, 151.0, 201.0)::(90.0, 9.0)->(2, 0)
[-17.7135810852051, -1.98546767234802, 1.9442390203476]::(244.0, 78.0, 151.0, 201.0)::(90.0, 9.0)->(2, 0)
[-18.8987197875977, -2.07960963249207, 2.05533528327942]::(244.0, 78.0, 151.0, 201.0)::(90.0, 9.0)->(2, 0)
[-17.9054584503174, -1.93925976753235, 1.98194205760956]::(244.0, 78.0, 151.0, 201.0)::(93.0, 9.0)->(2, 0)
[-19.1816501617432, -1.32616198062897, 1.66925156116486]::(244.0, 78.0, 151.0, 201.0)::(103.0, 9.0)->(2, 0)
[-18.5481128692627, -2.12665128707886, 1.93580865859985]::(244.0, 78.0, 151.0, 201.0)::(103.0, 9.0)->(2, 0)
[-18.6455154418945, -0.876386106014252, 1.74770140647888]::(244.0, 78.0, 151.0, 201.0)::(103.0, 9.0)->(2, 0)
[-17.4258728027344, -2.22512102127075, 1.76801788806915]::(244.0, 78.0, 151.0, 201.0)::(103.0, 9.0)->(2, 0)
[-18.4497318267822, -1.93428885936737, 1.7874538898468]::(244.0, 78.0, 151.0, 201.0)::(106.0, 9.0)->(2, 0)
[-17.8547534942627, -1.97950458526611, 1.79039621353149]::(244.0, 78.0, 151.0, 201.0)::(106.0, 9.0)->(2, 0)
[-17.8834629058838, -1.15417551994324, 1.61505556106567]::(244.0, 78.0, 151.0, 201.0)::(106.0, 9.0)->(2, 0)
[-19.1106719970703, -1.38573288917542, 1.7595329284668]::(244.0, 78.0, 151.0, 201.0)::(106.0, 9.0)->(2, 0)
[-18.6014575958252, -1.38127136230469, 1.5448614358902]::(244.0, 78.0, 151.0, 201.0)::(106.0, 9.0)->(2, 0)
[-18.2482032775879, -1.86474704742432, 1.84137058258057]::(244.0, 78.0, 151.0, 201.0)::(106.0, 9.0)->(2, 0)
[-19.1316356658936, -2.04300713539124, 1.81225025653839]::(244.0, 78.0, 151.0, 201.0)::(106.0, 9.0)->(2, 0)
[-18.2080631256104, -1.86503636837006, 1.52124547958374]::(244.0, 78.0, 151.0, 201.0)::(90.0, 9.0)->(2, 0)
[-17.9242744445801, -1.59139847755432, 1.69592392444611]::(244.0, 78.0, 151.0, 201.0)::(103.0, 9.0)->(2, 0)
[-19.2144298553467, -1.67105209827423, 1.94104695320129]::(244.0, 78.0, 151.0, 201.0)::(106.0, 9.0)->(2, 0)
[-17.6057949066162, -1.85826182365417, 1.71444129943848]::(244.0, 78.0, 151.0, 201.0)::(103.0, 9.0)->(2, 0)
[-18.7597846984863, -2.06033086776733, 1.87266516685486]::(244.0, 78.0, 151.0, 201.0)::(93.0, 9.0)->(2, 0)
[-18.4055366516113, -1.13641166687012, 1.59868717193604]::(244.0, 78.0, 151.0, 201.0)::(86.0, 9.0)->(2, 0)
[-18.1518268585205, -1.60100412368774, 1.67693793773651]::(244.0, 78.0, 151.0, 201.0)::(90.0, 9.0)->(2, 0)
[-18.4064102172852, -1.9032074213028, 1.94892513751984]::(244.0, 78.0, 151.0, 201.0)::(93.0, 9.0)->(2, 0)
[-18.705846786499, -1.92827475070953, 1.92526149749756]::(244.0, 78.0, 151.0, 201.0)::(106.0, 9.0)->(2, 0)
[-18.1870975494385, -0.679169118404388, 1.81506812572479]::(244.0, 78.0, 151.0, 201.0)::(93.0, 9.0)->(2, 0)
[-18.0290088653564, -2.04636025428772, 1.88896250724792]::(244.0, 78.0, 151.0, 201.0)::(93.0, 9.0)->(2, 0)
[-18.0524063110352, -1.95512545108795, 1.92676031589508]::(244.0, 78.0, 151.0, 201.0)::(103.0, 9.0)->(2, 0)
[-18.0452136993408, -1.51057279109955, 1.67056667804718]::(244.0, 78.0, 151.0, 201.0)::(103.0, 9.0)->(2, 0)
[-17.9162826538086, -1.76967084407806, 1.71957147121429]::(244.0, 78.0, 151.0, 201.0)::(103.0, 9.0)->(2, 0)
[-18.6659336090088, -1.86667025089264, 1.85028886795044]::(244.0, 78.0, 151.0, 201.0)::(93.0, 9.0)->(2, 0)
[-19.0103015899658, -1.78563106060028, 1.90913307666779]::(244.0, 78.0, 151.0, 201.0)::(103.0, 9.0)->(2, 0)
[-18.8742866516113, -1.7947952747345, 1.77452409267426]::(244.0, 78.0, 151.0, 201.0)::(90.0, 9.0)->(2, 0)
[-18.4493141174316, -2.08050537109375, 1.92495715618134]::(244.0, 78.0, 151.0, 201.0)::(103.0, 9.0)->(2, 0)
[-19.2338981628418, -1.33000659942627, 1.51392757892609]::(244.0, 78.0, 151.0, 201.0)::(106.0, 9.0)->(2, 0)
[-18.1061973571777, -1.53148686885834, 1.64699673652649]::(244.0, 78.0, 151.0, 201.0)::(90.0, 9.0)->(2, 0)
[-18.7503967285156, -1.72287905216217, 1.61567425727844]::(244.0, 78.0, 151.0, 201.0)::(100.0, 9.0)->(2, 0)
[-19.1750507354736, -2.03715133666992, 1.78702461719513]::(244.0, 78.0, 151.0, 201.0)::(103.0, 9.0)->(2, 0)
[-17.9239864349365, -1.87610077857971, 1.76312339305878]::(244.0, 78.0, 151.0, 201.0)::(103.0, 9.0)->(2, 0)
[-17.6335983276367, -1.93876934051514, 1.8114321231842]::(244.0, 78.0, 151.0, 201.0)::(96.0, 9.0)->(2, 0)
[-18.4067440032959, -1.6629730463028, 1.68657994270325]::(244.0, 78.0, 151.0, 201.0)::(100.0, 9.0)->(2, 0)
[-18.4104099273682, -1.81723284721375, 1.79082655906677]::(244.0, 78.0, 151.0, 201.0)::(90.0, 9.0)->(2, 0)
[-18.883752822876, -1.95381641387939, 2.09363222122192]::(244.0, 78.0, 151.0, 201.0)::(103.0, 9.0)->(2, 0)
[-18.7634315490723, -1.68346977233887, 1.66158521175385]::(244.0, 78.0, 151.0, 201.0)::(86.0, 9.0)->(2, 0)
[-18.9056777954102, -1.69422614574432, 1.78902196884155]::(244.0, 78.0, 151.0, 201.0)::(103.0, 9.0)->(2, 0)
[-18.131326675415, -1.93001532554626, 1.99384367465973]::(244.0, 78.0, 151.0, 201.0)::(103.0, 9.0)->(2, 0)
[-17.7145328521729, -1.84621298313141, 1.83571410179138]::(244.0, 78.0, 151.0, 201.0)::(103.0, 9.0)->(2, 0)
[-18.5059356689453, -2.24507331848145, 1.83717894554138]::(244.0, 78.0, 151.0, 201.0)::(93.0, 9.0)->(2, 0)
[-18.6767330169678, -1.95247042179108, 1.94625639915466]::(244.0, 78.0, 151.0, 201.0)::(106.0, 9.0)->(2, 0)
[-18.0194816589355, -2.05661273002625, 1.93713819980621]::(244.0, 78.0, 151.0, 201.0)::(103.0, 9.0)->(2, 0)
[-18.3468914031982, -1.95083713531494, 2.08904218673706]::(244.0, 78.0, 151.0, 201.0)::(106.0, 9.0)->(2, 0)
[-18.2047176361084, -1.55352127552032, 1.74189901351929]::(244.0, 78.0, 151.0, 201.0)::(96.0, 9.0)->(2, 0)
[-17.8673152923584, -1.72984254360199, 1.80949318408966]::(244.0, 78.0, 151.0, 201.0)::(103.0, 9.0)->(2, 0)
[-18.1339740753174, -1.02147221565247, 1.5341078042984]::(244.0, 78.0, 151.0, 201.0)::(90.0, 9.0)->(2, 0)
[-18.2719497680664, -1.68195390701294, 1.77035629749298]::(244.0, 78.0, 151.0, 201.0)::(106.0, 9.0)->(2, 0)
[-18.4836883544922, -1.82162380218506, 1.79074859619141]::(244.0, 78.0, 151.0, 201.0)::(103.0, 9.0)->(2, 0)
[-17.3963184356689, -1.88842797279358, 1.6513854265213]::(244.0, 78.0, 151.0, 201.0)::(106.0, 9.0)->(2, 0)
[-17.896146774292, -1.86958801746368, 1.92543137073517]::(244.0, 78.0, 151.0, 201.0)::(106.0, 9.0)->(2, 0)
[-18.1959018707275, -2.03757858276367, 2.05568170547485]::(244.0, 78.0, 151.0, 201.0)::(103.0, 9.0)->(2, 0)
[-17.9853038787842, -1.75552129745483, 2.05630254745483]::(244.0, 78.0, 151.0, 201.0)::(103.0, 9.0)->(2, 0)
[-19.6066379547119, -1.94909286499023, 2.08351254463196]::(244.0, 78.0, 151.0, 201.0)::(100.0, 9.0)->(2, 0)
[-17.8067111968994, -1.83885753154755, 1.94574630260468]::(244.0, 78.0, 151.0, 201.0)::(90.0, 9.0)->(2, 0)
[-19.1543807983398, -1.77040064334869, 1.89504945278168]::(244.0, 78.0, 151.0, 201.0)::(103.0, 9.0)->(2, 0)
[-17.7594776153564, -1.96387028694153, 1.84355580806732]::(244.0, 78.0, 151.0, 201.0)::(90.0, 9.0)->(2, 0)
[-18.5013008117676, -1.8852231502533, 1.92451739311218]::(244.0, 78.0, 151.0, 201.0)::(103.0, 9.0)->(2, 0)
[-18.9732494354248, -1.59905982017517, 1.98031067848206]::(244.0, 78.0, 151.0, 201.0)::(90.0, 9.0)->(2, 0)
[-18.0281543731689, -2.49222612380981, 1.5742427110672]::(244.0, 78.0, 151.0, 201.0)::(129.0, 9.0)->(3, 0)
[-18.0654449462891, -2.29885697364807, 1.51021778583527]::(244.0, 78.0, 151.0, 201.0)::(129.0, 9.0)->(3, 0)
[-18.8437404632568, -1.63676619529724, 1.35354161262512]::(244.0, 78.0, 151.0, 201.0)::(125.0, 9.0)->(3, 0)
[-17.7046356201172, -2.20623826980591, 1.50151598453522]::(244.0, 78.0, 151.0, 201.0)::(125.0, 9.0)->(3, 0)
[-18.3334865570068, -1.90843617916107, 1.41496121883392]::(244.0, 78.0, 151.0, 201.0)::(125.0, 9.0)->(3, 0)
[-17.6441822052002, -2.04013061523438, 1.5990788936615]::(244.0, 78.0, 151.0, 201.0)::(125.0, 9.0)->(3, 0)
[-18.6732139587402, -1.7481244802475, 1.59280002117157]::(244.0, 78.0, 151.0, 201.0)::(125.0, 9.0)->(3, 0)
[-18.6317272186279, -0.87683892250061, 1.52985966205597]::(244.0, 78.0, 151.0, 201.0)::(125.0, 9.0)->(3, 0)
[-17.6681537628174, -1.90248620510101, 1.43332076072693]::(244.0, 78.0, 151.0, 201.0)::(125.0, 9.0)->(3, 0)
[-17.6408634185791, -1.63988089561462, 1.60540246963501]::(244.0, 78.0, 151.0, 201.0)::(125.0, 9.0)->(3, 0)
[-18.8464756011963, -2.32155680656433, 1.60146868228912]::(244.0, 78.0, 151.0, 201.0)::(125.0, 9.0)->(3, 0)
[-18.3729877471924, -1.87676632404327, 1.42837297916412]::(244.0, 78.0, 151.0, 201.0)::(119.0, 9.0)->(3, 0)
[-18.2729530334473, -1.38168883323669, 1.60557639598846]::(244.0, 78.0, 151.0, 201.0)::(125.0, 9.0)->(3, 0)
[-18.1155376434326, -1.53481030464172, 1.23748350143433]::(244.0, 78.0, 151.0, 201.0)::(125.0, 9.0)->(3, 0)
[-19.39768409729, -1.26326584815979, 1.51737582683563]::(244.0, 78.0, 151.0, 201.0)::(122.0, 9.0)->(3, 0)
[-19.0098876953125, -1.56216359138489, 1.32498347759247]::(244.0, 78.0, 151.0, 201.0)::(125.0, 9.0)->(3, 0)
[-18.2720718383789, -1.62337565422058, 1.2348690032959]::(244.0, 78.0, 151.0, 201.0)::(125.0, 9.0)->(3, 0)
[-18.4169540405273, -1.51376414299011, 1.40964353084564]::(244.0, 78.0, 151.0, 201.0)::(125.0, 9.0)->(3, 0)
[-19.2475643157959, -1.56966841220856, 1.31214773654938]::(244.0, 78.0, 151.0, 201.0)::(129.0, 9.0)->(3, 0)
[-18.9381275177002, -0.991024732589722, 1.33646106719971]::(244.0, 78.0, 151.0, 201.0)::(129.0, 9.0)->(3, 0)
[-18.3341445922852, -1.63714408874512, 1.36495816707611]::(244.0, 78.0, 151.0, 201.0)::(129.0, 9.0)->(3, 0)
[-19.1743621826172, -0.945548892021179, 0.992032170295715]::(244.0, 78.0, 151.0, 201.0)::(129.0, 9.0)->(3, 0)
[-19.2431144714355, -0.763425350189209, 1.0628035068512]::(244.0, 78.0, 151.0, 201.0)::(129.0, 9.0)->(3, 0)
[-18.2372703552246, -2.07246685028076, 1.45738923549652]::(244.0, 78.0, 151.0, 201.0)::(129.0, 9.0)->(3, 0)
[-19.4782066345215, -1.29408848285675, 1.33967006206512]::(244.0, 78.0, 151.0, 201.0)::(129.0, 9.0)->(3, 0)
[-18.9491634368896, -1.15866768360138, 1.37007570266724]::(244.0, 78.0, 151.0, 201.0)::(129.0, 9.0)->(3, 0)
[-18.8088970184326, -0.472145169973373, 1.24110066890717]::(244.0, 78.0, 151.0, 201.0)::(129.0, 9.0)->(3, 0)
[-19.3215236663818, -1.1057094335556, 1.45129692554474]::(244.0, 78.0, 151.0, 201.0)::(129.0, 9.0)->(3, 0)
[-18.2855644226074, -1.18230855464935, 1.42999541759491]::(244.0, 78.0, 151.0, 201.0)::(129.0, 9.0)->(3, 0)
[-18.052547454834, -1.9298095703125, 1.4095104932785]::(244.0, 78.0, 151.0, 201.0)::(129.0, 9.0)->(3, 0)
[-18.5481128692627, -1.78932309150696, 1.3271723985672]::(244.0, 78.0, 151.0, 201.0)::(129.0, 9.0)->(3, 0)
[-18.1996421813965, -1.08876526355743, 1.31146132946014]::(244.0, 78.0, 151.0, 201.0)::(129.0, 9.0)->(3, 0)
[-18.3862895965576, -1.7062520980835, 1.27548229694366]::(244.0, 78.0, 151.0, 201.0)::(129.0, 9.0)->(3, 0)
[-19.5488758087158, -1.10162055492401, 1.47569644451141]::(244.0, 78.0, 151.0, 201.0)::(129.0, 9.0)->(3, 0)
[-19.2087230682373, -1.86718654632568, 1.57243740558624]::(244.0, 78.0, 151.0, 201.0)::(129.0, 9.0)->(3, 0)
[-19.3332233428955, -1.67678451538086, 1.3605660200119]::(244.0, 78.0, 151.0, 201.0)::(132.0, 9.0)->(3, 0)
[-19.2382259368896, -1.01343095302582, 1.28155124187469]::(244.0, 78.0, 151.0, 201.0)::(132.0, 9.0)->(3, 0)
[-17.3723335266113, -1.35899078845978, 1.18442678451538]::(244.0, 78.0, 151.0, 201.0)::(129.0, 9.0)->(3, 0)
[-17.1293048858643, -1.74392080307007, 1.39206802845001]::(244.0, 78.0, 151.0, 201.0)::(129.0, 9.0)->(3, 0)
[-17.741584777832, -2.27587032318115, 1.64999210834503]::(244.0, 78.0, 151.0, 201.0)::(129.0, 9.0)->(3, 0)
[-17.2895698547363, -1.5702930688858, 1.50918519496918]::(244.0, 78.0, 151.0, 201.0)::(129.0, 9.0)->(3, 0)
[-17.7041816711426, -1.52011907100677, 1.28944575786591]::(244.0, 78.0, 151.0, 201.0)::(129.0, 9.0)->(3, 0)
[-17.6184768676758, -1.67663681507111, 1.30140125751495]::(244.0, 78.0, 151.0, 201.0)::(129.0, 9.0)->(3, 0)
[-17.6500244140625, -1.45893085002899, 1.17736804485321]::(244.0, 78.0, 151.0, 201.0)::(129.0, 9.0)->(3, 0)
[-18.8077392578125, -1.33094298839569, 1.42222213745117]::(244.0, 78.0, 151.0, 201.0)::(129.0, 9.0)->(3, 0)
[-18.2725696563721, -2.21642327308655, 1.6734391450882]::(244.0, 78.0, 151.0, 201.0)::(129.0, 9.0)->(3, 0)
[-18.080114364624, -1.97474277019501, 1.60775315761566]::(244.0, 78.0, 151.0, 201.0)::(129.0, 9.0)->(3, 0)
[-18.2236499786377, -1.01232933998108, 1.3601678609848]::(244.0, 78.0, 151.0, 201.0)::(129.0, 9.0)->(3, 0)
[-18.0032863616943, -0.816716015338898, 1.25514662265778]::(244.0, 78.0, 151.0, 201.0)::(129.0, 9.0)->(3, 0)
[-18.7496662139893, -1.33933663368225, 1.42704200744629]::(244.0, 78.0, 151.0, 201.0)::(129.0, 9.0)->(3, 0)
[-18.5489883422852, -1.22558403015137, 1.32439780235291]::(244.0, 78.0, 151.0, 201.0)::(129.0, 9.0)->(3, 0)
[-19.4748344421387, -1.19540297985077, 1.30697989463806]::(244.0, 78.0, 151.0, 201.0)::(129.0, 9.0)->(3, 0)
[-19.2696743011475, -2.11146545410156, 1.64612066745758]::(244.0, 78.0, 151.0, 201.0)::(129.0, 9.0)->(3, 0)
[-18.3872375488281, -1.30153858661652, 1.35805988311768]::(244.0, 78.0, 151.0, 201.0)::(129.0, 9.0)->(3, 0)
[-18.4351272583008, -0.967482328414917, 1.22545146942139]::(244.0, 78.0, 151.0, 201.0)::(129.0, 9.0)->(3, 0)
[-19.1710166931152, -1.47210240364075, 1.1529552936554]::(244.0, 78.0, 151.0, 201.0)::(132.0, 9.0)->(3, 0)
[-19.8152656555176, -1.19646394252777, 1.16835415363312]::(244.0, 78.0, 151.0, 201.0)::(129.0, 9.0)->(3, 0)
[-18.3259601593018, -1.08227288722992, 1.24003708362579]::(244.0, 78.0, 151.0, 201.0)::(129.0, 9.0)->(3, 0)
[-18.7202663421631, -0.760052621364594, 1.29773879051208]::(244.0, 78.0, 151.0, 201.0)::(129.0, 9.0)->(3, 0)
[-19.1445236206055, -1.33741676807404, 1.18769216537476]::(244.0, 78.0, 151.0, 201.0)::(132.0, 9.0)->(3, 0)
[-17.8685169219971, -1.88025009632111, 1.09494984149933]::(244.0, 78.0, 151.0, 201.0)::(129.0, 9.0)->(3, 0)
[-19.3068332672119, -1.82077920436859, 1.36253046989441]::(244.0, 78.0, 151.0, 201.0)::(129.0, 9.0)->(3, 0)
[-18.1387329101562, -2.00453615188599, 1.40262615680695]::(244.0, 78.0, 151.0, 201.0)::(129.0, 9.0)->(3, 0)
[-19.6079425811768, -1.28826808929443, 1.3457019329071]::(244.0, 78.0, 151.0, 201.0)::(129.0, 9.0)->(3, 0)
[-19.2891902923584, -1.40355217456818, 1.13974976539612]::(244.0, 78.0, 151.0, 201.0)::(129.0, 9.0)->(3, 0)
[-18.5724048614502, -0.729988515377045, 1.21285057067871]::(244.0, 78.0, 151.0, 201.0)::(132.0, 9.0)->(3, 0)
[-18.7343711853027, -1.54141736030579, 1.30265188217163]::(244.0, 78.0, 151.0, 201.0)::(132.0, 9.0)->(3, 0)
[-19.391544342041, -1.38749802112579, 1.35159707069397]::(244.0, 78.0, 151.0, 201.0)::(129.0, 9.0)->(3, 0)
[-19.1878261566162, -1.53900372982025, 1.59070432186127]::(244.0, 78.0, 151.0, 201.0)::(129.0, 9.0)->(3, 0)
[-20.2215728759766, -1.4110279083252, 1.42962062358856]::(244.0, 78.0, 151.0, 201.0)::(132.0, 9.0)->(3, 0)
[-19.184684753418, -0.974998950958252, 1.274493932724]::(244.0, 78.0, 151.0, 201.0)::(132.0, 9.0)->(3, 0)
[-19.1870403289795, -1.5870943069458, 1.1974093914032]::(244.0, 78.0, 151.0, 201.0)::(132.0, 9.0)->(3, 0)
[-18.1314525604248, -1.16963005065918, 1.22421979904175]::(244.0, 78.0, 151.0, 201.0)::(132.0, 9.0)->(3, 0)
[-18.9599437713623, -1.18933808803558, 1.13574969768524]::(244.0, 78.0, 151.0, 201.0)::(132.0, 9.0)->(3, 0)
[-18.2065525054932, -0.930574357509613, 1.32473003864288]::(244.0, 78.0, 151.0, 201.0)::(132.0, 9.0)->(3, 0)
[-18.6696128845215, -1.55166137218475, 1.64827704429626]::(244.0, 78.0, 151.0, 201.0)::(132.0, 9.0)->(3, 0)
[-18.6289558410645, -1.88436853885651, 1.52361238002777]::(244.0, 78.0, 151.0, 201.0)::(132.0, 9.0)->(3, 0)
[-19.3387565612793, -1.31298267841339, 1.28474044799805]::(244.0, 78.0, 151.0, 201.0)::(132.0, 9.0)->(3, 0)
[-19.1756954193115, -1.42270851135254, 1.57830631732941]::(244.0, 78.0, 151.0, 201.0)::(132.0, 9.0)->(3, 0)
[-18.6544818878174, -1.2805312871933, 1.31380391120911]::(244.0, 78.0, 151.0, 201.0)::(129.0, 9.0)->(3, 0)
[-19.1917343139648, -1.6215854883194, 1.45643210411072]::(244.0, 78.0, 151.0, 201.0)::(129.0, 9.0)->(3, 0)
[-18.4102191925049, -1.56066870689392, 1.15259373188019]::(244.0, 78.0, 151.0, 201.0)::(129.0, 9.0)->(3, 0)
[-18.7254428863525, -1.7103077173233, 1.43097579479218]::(244.0, 78.0, 151.0, 201.0)::(129.0, 9.0)->(3, 0)
[-18.7471008300781, -1.56748533248901, 1.30643808841705]::(244.0, 78.0, 151.0, 201.0)::(129.0, 9.0)->(3, 0)
[-17.3838558197021, -1.82896292209625, 1.26927697658539]::(244.0, 78.0, 151.0, 201.0)::(129.0, 9.0)->(3, 0)
[-18.7414035797119, -1.77780103683472, 1.43547368049622]::(244.0, 78.0, 151.0, 201.0)::(129.0, 9.0)->(3, 0)
[-19.2601833343506, -1.65150618553162, 1.33937764167786]::(244.0, 78.0, 151.0, 201.0)::(129.0, 9.0)->(3, 0)
[-17.6204643249512, -1.7922260761261, 1.43760526180267]::(244.0, 78.0, 151.0, 201.0)::(129.0, 9.0)->(3, 0)
[-20.0538082122803, -0.892171502113342, 1.31308031082153]::(244.0, 78.0, 151.0, 201.0)::(125.0, 9.0)->(3, 0)
[-18.468599319458, -1.60634887218475, 1.19235813617706]::(244.0, 78.0, 151.0, 201.0)::(125.0, 9.0)->(3, 0)
[-19.4718971252441, -1.37640607357025, 1.30463624000549]::(244.0, 78.0, 151.0, 201.0)::(135.0, 9.0)->(4, 0)
[-19.2204818725586, -1.76044619083405, 1.43769061565399]::(244.0, 78.0, 151.0, 201.0)::(135.0, 9.0)->(4, 0)
[-19.3563671112061, -2.08990597724915, 1.38224029541016]::(244.0, 78.0, 151.0, 201.0)::(135.0, 9.0)->(4, 0)
[-17.9290790557861, -2.2365825176239, 1.48565602302551]::(244.0, 78.0, 151.0, 201.0)::(138.0, 9.0)->(4, 0)
[-17.5225296020508, -2.41308498382568, 1.67425274848938]::(244.0, 78.0, 151.0, 201.0)::(138.0, 9.0)->(4, 0)
[-17.985164642334, -1.50844275951385, 1.23839056491852]::(244.0, 78.0, 151.0, 201.0)::(135.0, 9.0)->(4, 0)
[-18.5490608215332, -2.1583092212677, 1.29215323925018]::(244.0, 78.0, 151.0, 201.0)::(138.0, 9.0)->(4, 0)
[-19.7656478881836, -1.49507832527161, 1.17444717884064]::(244.0, 78.0, 151.0, 201.0)::(135.0, 9.0)->(4, 0)
[-20.1657238006592, -1.65505421161652, 1.20254349708557]::(244.0, 78.0, 151.0, 201.0)::(135.0, 9.0)->(4, 0)
[-18.2052707672119, -1.57025253772736, 1.17491960525513]::(244.0, 78.0, 151.0, 201.0)::(138.0, 9.0)->(4, 0)
[-19.2744960784912, -1.5377072095871, 1.40983617305756]::(244.0, 78.0, 151.0, 201.0)::(138.0, 9.0)->(4, 0)
[-17.3979606628418, -1.350266456604, 1.12225723266602]::(244.0, 78.0, 151.0, 201.0)::(135.0, 9.0)->(4, 0)
[-18.7819709777832, -2.29007792472839, 1.56372094154358]::(244.0, 78.0, 151.0, 201.0)::(141.0, 9.0)->(4, 0)
[-19.2080688476562, -1.7175258398056, 1.17698431015015]::(244.0, 78.0, 151.0, 201.0)::(135.0, 9.0)->(4, 0)
[-19.1071376800537, -2.18613171577454, 1.4550529718399]::(244.0, 78.0, 151.0, 201.0)::(135.0, 9.0)->(4, 0)
[-18.7457180023193, -1.72218644618988, 1.0638290643692]::(244.0, 78.0, 151.0, 201.0)::(138.0, 9.0)->(4, 0)
[-17.9924411773682, -2.37660956382751, 1.25201439857483]::(244.0, 78.0, 151.0, 201.0)::(138.0, 9.0)->(4, 0)
[-18.4400024414062, -1.29149186611176, 1.04548835754395]::(244.0, 78.0, 151.0, 201.0)::(135.0, 9.0)->(4, 0)
[-18.9543609619141, -1.80285978317261, 1.2342791557312]::(244.0, 78.0, 151.0, 201.0)::(135.0, 9.0)->(4, 0)
[-19.497802734375, -1.95027709007263, 1.29989349842072]::(244.0, 78.0, 151.0, 201.0)::(135.0, 9.0)->(4, 0)
[-19.4329013824463, -2.43027138710022, 1.37562215328217]::(244.0, 78.0, 151.0, 201.0)::(135.0, 9.0)->(4, 0)
[-19.1535129547119, -1.697265625, 1.16877913475037]::(244.0, 78.0, 151.0, 201.0)::(135.0, 9.0)->(4, 0)
[-19.1194381713867, -1.28075683116913, 1.32499134540558]::(244.0, 78.0, 151.0, 201.0)::(141.0, 9.0)->(4, 0)
[-19.2727890014648, -2.21694278717041, 1.2996039390564]::(244.0, 78.0, 151.0, 201.0)::(138.0, 9.0)->(4, 0)
[-19.2638320922852, -2.61445927619934, 1.39762234687805]::(244.0, 78.0, 151.0, 201.0)::(138.0, 9.0)->(4, 0)
[-18.8870868682861, -1.55932402610779, 1.35114371776581]::(244.0, 78.0, 151.0, 201.0)::(138.0, 9.0)->(4, 0)
[-19.1190223693848, -2.23483395576477, 1.46561431884766]::(244.0, 78.0, 151.0, 201.0)::(138.0, 9.0)->(4, 0)
[-20.0582180023193, -2.32086396217346, 1.22197902202606]::(244.0, 78.0, 151.0, 201.0)::(138.0, 9.0)->(4, 0)
[-19.4509181976318, -1.96235823631287, 1.20202720165253]::(244.0, 78.0, 151.0, 201.0)::(138.0, 9.0)->(4, 0)
[-19.0080833435059, -2.95960021018982, 1.24606096744537]::(244.0, 78.0, 151.0, 201.0)::(138.0, 9.0)->(4, 0)
[-18.824239730835, -2.14996862411499, 1.28285396099091]::(244.0, 78.0, 151.0, 201.0)::(141.0, 9.0)->(4, 0)
[-18.2276134490967, -2.23223829269409, 1.28174543380737]::(244.0, 78.0, 151.0, 201.0)::(138.0, 9.0)->(4, 0)
[-18.9453811645508, -1.9919399023056, 1.36567974090576]::(244.0, 78.0, 151.0, 201.0)::(138.0, 9.0)->(4, 0)
[-19.4712581634521, -2.20817613601685, 1.37624621391296]::(244.0, 78.0, 151.0, 201.0)::(138.0, 9.0)->(4, 0)
[-18.4469776153564, -2.44691801071167, 1.47293221950531]::(244.0, 78.0, 151.0, 201.0)::(138.0, 9.0)->(4, 0)
[-19.354248046875, -1.78672468662262, 1.34026706218719]::(244.0, 78.0, 151.0, 201.0)::(141.0, 9.0)->(4, 0)
[-17.8689575195312, -2.00267243385315, 1.55433261394501]::(244.0, 78.0, 151.0, 201.0)::(141.0, 9.0)->(4, 0)
[-18.4576988220215, -2.66552782058716, 1.50378859043121]::(244.0, 78.0, 151.0, 201.0)::(138.0, 9.0)->(4, 0)
[-19.4255599975586, -2.43235683441162, 1.52251124382019]::(244.0, 78.0, 151.0, 201.0)::(138.0, 9.0)->(4, 0)
[-18.3387584686279, -2.43658232688904, 1.15177273750305]::(244.0, 78.0, 151.0, 201.0)::(138.0, 9.0)->(4, 0)
[-18.9225482940674, -2.29604887962341, 1.44844830036163]::(244.0, 78.0, 151.0, 201.0)::(138.0, 9.0)->(4, 0)
[-19.2394580841064, -1.76674461364746, 1.17863094806671]::(244.0, 78.0, 151.0, 201.0)::(141.0, 9.0)->(4, 0)
[-18.6336040496826, -2.10155749320984, 1.21009910106659]::(244.0, 78.0, 151.0, 201.0)::(138.0, 9.0)->(4, 0)
[-18.8028125762939, -2.68663239479065, 1.43899095058441]::(244.0, 78.0, 151.0, 201.0)::(138.0, 9.0)->(4, 0)
[-17.0209789276123, -2.43231320381165, 1.05101561546326]::(244.0, 78.0, 151.0, 201.0)::(138.0, 9.0)->(4, 0)
[-19.3366012573242, -2.25534725189209, 1.40864741802216]::(244.0, 78.0, 151.0, 201.0)::(138.0, 9.0)->(4, 0)
[-19.6902503967285, -1.66623997688293, 1.06790256500244]::(244.0, 78.0, 151.0, 201.0)::(138.0, 9.0)->(4, 0)
[-18.2230167388916, -2.17654824256897, 1.3217716217041]::(244.0, 78.0, 151.0, 201.0)::(138.0, 9.0)->(4, 0)
[-19.5225353240967, -2.3582706451416, 1.43780219554901]::(244.0, 78.0, 151.0, 201.0)::(141.0, 9.0)->(4, 0)
[-18.6657733917236, -2.05165457725525, 1.33352470397949]::(244.0, 78.0, 151.0, 201.0)::(141.0, 9.0)->(4, 0)
[-18.5532608032227, -1.83933091163635, 1.02314686775208]::(244.0, 78.0, 151.0, 201.0)::(138.0, 9.0)->(4, 0)
[-19.128849029541, -1.93355119228363, 1.22967028617859]::(244.0, 78.0, 151.0, 201.0)::(141.0, 9.0)->(4, 0)
[-18.7471313476562, -1.81378257274628, 1.12568390369415]::(244.0, 78.0, 151.0, 201.0)::(141.0, 9.0)->(4, 0)
[-18.7551517486572, -2.29640245437622, 1.46958839893341]::(244.0, 78.0, 151.0, 201.0)::(138.0, 9.0)->(4, 0)
[-18.5613594055176, -2.9266471862793, 1.53071868419647]::(244.0, 78.0, 151.0, 201.0)::(138.0, 9.0)->(4, 0)
[-18.9745426177979, -2.56786632537842, 1.30584931373596]::(244.0, 78.0, 151.0, 201.0)::(138.0, 9.0)->(4, 0)
[-19.5599174499512, -1.80831372737885, 1.21765172481537]::(244.0, 78.0, 151.0, 201.0)::(138.0, 9.0)->(4, 0)
[-18.9823722839355, -2.53801393508911, 1.45668029785156]::(244.0, 78.0, 151.0, 201.0)::(138.0, 9.0)->(4, 0)
[-18.13014793396, -2.48876166343689, 1.45955443382263]::(244.0, 78.0, 151.0, 201.0)::(141.0, 9.0)->(4, 0)
[-20.0779666900635, -2.40255379676819, 1.58860111236572]::(244.0, 78.0, 151.0, 201.0)::(138.0, 9.0)->(4, 0)
[-18.5928115844727, -2.21834468841553, 1.40684735774994]::(244.0, 78.0, 151.0, 201.0)::(141.0, 9.0)->(4, 0)
[-18.5373344421387, -2.27124285697937, 1.55184197425842]::(244.0, 78.0, 151.0, 201.0)::(135.0, 9.0)->(4, 0)
[-18.1303768157959, -2.40354776382446, 1.1794593334198]::(244.0, 78.0, 151.0, 201.0)::(138.0, 9.0)->(4, 0)
[-18.8671684265137, -2.12265396118164, 1.23113524913788]::(244.0, 78.0, 151.0, 201.0)::(138.0, 9.0)->(4, 0)
[-19.226900100708, -2.26164674758911, 1.51947379112244]::(244.0, 78.0, 151.0, 201.0)::(138.0, 9.0)->(4, 0)
[-19.1626987457275, -1.6901992559433, 1.12057268619537]::(244.0, 78.0, 151.0, 201.0)::(138.0, 9.0)->(4, 0)
[-19.2346744537354, -1.39777755737305, 1.25229048728943]::(244.0, 78.0, 151.0, 201.0)::(141.0, 9.0)->(4, 0)
[-19.9622764587402, -1.95976102352142, 1.22161567211151]::(244.0, 78.0, 151.0, 201.0)::(138.0, 9.0)->(4, 0)
[-19.5625419616699, -2.14031100273132, 1.31185030937195]::(244.0, 78.0, 151.0, 201.0)::(138.0, 9.0)->(4, 0)
[-19.5509414672852, -1.9796998500824, 1.19245827198029]::(244.0, 78.0, 151.0, 201.0)::(138.0, 9.0)->(4, 0)
[-18.9594383239746, -1.82809674739838, 1.22729599475861]::(244.0, 78.0, 151.0, 201.0)::(138.0, 9.0)->(4, 0)
[-19.0294609069824, -2.01440262794495, 1.21060597896576]::(244.0, 78.0, 151.0, 201.0)::(138.0, 9.0)->(4, 0)
[-19.8333263397217, -2.30499196052551, 1.52222287654877]::(244.0, 78.0, 151.0, 201.0)::(138.0, 9.0)->(4, 0)
[-18.7828254699707, -1.51010465621948, 1.01944053173065]::(244.0, 78.0, 151.0, 201.0)::(138.0, 9.0)->(4, 0)
[-19.2147254943848, -2.00870966911316, 1.22015511989594]::(244.0, 78.0, 151.0, 201.0)::(138.0, 9.0)->(4, 0)
[-18.4668006896973, -1.91378676891327, 1.27747356891632]::(244.0, 78.0, 151.0, 201.0)::(138.0, 9.0)->(4, 0)
[-18.7742443084717, -1.70307564735413, 1.31167781352997]::(244.0, 78.0, 151.0, 201.0)::(138.0, 9.0)->(4, 0)
[-18.5669002532959, -1.83388125896454, 0.977076292037964]::(244.0, 78.0, 151.0, 201.0)::(138.0, 9.0)->(4, 0)
[-19.4211273193359, -2.03317260742188, 1.2341376543045]::(244.0, 78.0, 151.0, 201.0)::(138.0, 9.0)->(4, 0)
[-19.2624626159668, -2.19528079032898, 1.1808158159256]::(244.0, 78.0, 151.0, 201.0)::(138.0, 9.0)->(4, 0)
[-18.9926090240479, -1.84908843040466, 1.38307631015778]::(244.0, 78.0, 151.0, 201.0)::(138.0, 9.0)->(4, 0)
[-19.4923877716064, -2.65097236633301, 1.40874564647675]::(244.0, 78.0, 151.0, 201.0)::(138.0, 9.0)->(4, 0)
[-18.6496295928955, -2.01280474662781, 1.25315392017365]::(244.0, 78.0, 151.0, 201.0)::(138.0, 9.0)->(4, 0)
[-18.0188617706299, -2.36291837692261, 1.28094053268433]::(244.0, 78.0, 151.0, 201.0)::(138.0, 9.0)->(4, 0)
[-19.0511608123779, -1.91678011417389, 1.08603262901306]::(244.0, 78.0, 151.0, 201.0)::(141.0, 9.0)->(4, 0)
[-18.4494762420654, -2.11532926559448, 1.32642805576324]::(244.0, 78.0, 151.0, 201.0)::(135.0, 9.0)->(4, 0)
[-19.8898658752441, -1.51839089393616, 1.06290519237518]::(244.0, 78.0, 151.0, 201.0)::(135.0, 9.0)->(4, 0)
[-18.2305526733398, -2.56337881088257, 1.11421298980713]::(244.0, 78.0, 151.0, 201.0)::(135.0, 9.0)->(4, 0)
[-18.4662055969238, -2.00917220115662, 0.955801963806152]::(244.0, 78.0, 151.0, 201.0)::(138.0, 9.0)->(4, 0)
[-18.6320629119873, -2.40627837181091, 1.57839810848236]::(244.0, 78.0, 151.0, 201.0)::(141.0, 9.0)->(4, 0)
