Neural Network with [3] layers: 5 50 5
Loss: 0.181754, Accuracy: 98%, stepSize: 0.1, reg: 0.0001
Weights: 
-0.00135332 -0.000760687 -0.000315322 -0.052011 -0.000223339 -0.81456 1.89177 -0.000464915 -0.000684684 -0.0011566 1.19735 -0.000902658 -0.679377 1.62797 2.11 1.79398 -1.35019 1.10386 -0.000722156 -0.149896 -0.776164 0.292854 0.370157 -1.38346 -0.00110706 0.97237 3.31528 -1.40263 0.507043 -2.04191 0.420775 -1.9077 -0.000682511 2.79477 -0.000998254 0.117317 -0.00040729 -0.000770731 -7.77836e-05 -0.000102191 0.963381 -0.000570253 0.000197218 0.000572058 0.330216 -3.20838e-05 -0.214957 -1.04563 0.69347 -0.000780825
-0.000997309 -0.001226 5.25539e-05 -0.145505 0.000505534 -2.12586 4.04208 0.00035901 0.00130611 0.000356293 3.02011 -3.64931e-05 -1.84472 3.8671 4.73763 3.73718 -3.70578 1.75965 -0.000524225 -0.333666 -1.76995 0.55879 0.654833 -2.30271 -0.000610117 2.40792 7.71594 -3.71437 0.944593 -4.42865 1.1606 -4.939 -6.37915e-05 6.58575 0.00104383 0.0453643 -0.000129108 0.000486099 1.61206e-05 0.00122171 1.46832 0.000101299 0.0010219 0.00081685 0.731533 0.000454415 -0.966572 -2.0144 1.40146 0.00135095
0.000691841 0.000484129 0.000895817 0.0439169 0.000240831 0.631942 -1.11885 0.000694021 0.00060267 0.00104128 -0.946198 0.00107633 0.556707 -1.14075 -1.33964 -1.02465 1.12149 -0.412807 -0.000403254 0.0885688 0.497707 -0.149041 -0.162872 0.363561 -0.00134522 -0.743192 -2.22606 1.11233 -0.24411 1.27568 -0.391799 1.46849 -0.000299591 -1.92912 -0.00110385 0.0132405 0.000836214 0.00110682 0.000271734 0.000359281 -0.333469 3.907e-05 -0.000159097 0.000563087 -0.20872 0.000493453 0.327936 0.440107 -0.377758 -0.000937581
-0.000111921 0.000485298 -0.00125976 -0.15163 0.00116505 -1.96342 2.03789 0.00132908 0.000685753 -0.000615201 2.47884 0.00110759 -1.83447 2.80282 2.93857 1.64946 -3.75956 -0.498712 3.59276e-05 -0.206912 -1.15397 0.118627 0.0224612 -0.0488319 -0.000231981 1.89766 5.34135 -3.53217 0.146087 -3.1668 1.10426 -4.4791 -0.000803206 4.67209 -0.00091432 -0.446774 0.0011684 -0.00067633 0.000859537 -0.000164213 -0.624842 -0.00107338 0.000622385 0.000654743 0.427105 -0.000813096 -1.6642 -0.687738 0.526546 0.00035319
8.86904e-05 0.00117657 -0.00120864 0.359184 0.000936963 3.48742 4.65058 -0.000364485 0.000410112 -0.000172114 -3.7132 -0.00118941 3.91255 -1.57319 1.82767 5.87262 8.3957 11.3471 0.000246615 -0.216174 -0.362613 1.7203 2.84822 -12.9007 -0.00128059 -2.35018 -0.985679 6.82172 3.2996 0.639459 -2.7159 7.60317 -0.00127654 -1.89606 -0.00116099 3.24146 0.000410457 0.000976732 0.000692486 0.000878851 10.8572 -0.000232697 0.00099518 -0.00130097 0.399192 0.00112713 6.75156 -5.8244 2.84272 0.000314923

-0.00135332 0.000721316 0.00010097 -9.73578e-05 0.000511511
-0.000997309 -6.0273e-05 -8.68374e-05 0.00124804 0.000547308
0.000691841 -0.00070976 -0.000575948 -0.00101221 0.00131855
0.0352509 -0.323606 -0.0612318 0.123884 0.224529
8.86904e-05 -0.000380924 -0.000937269 -0.000489233 0.000950774
1.09164 -3.64121 -0.827307 1.24319 2.13199
-5.75172 -0.230269 1.41246 1.55478 3.0134
0.000484129 0.00107633 -0.00126387 0.000409395 3.907e-05
0.000485298 0.00110759 9.32446e-05 0.000329224 -0.00107338
0.00117657 -0.00118941 -4.11383e-06 0.000820321 -0.000232697
-1.94756 4.18612 1.4031 -1.12927 -2.51084
5.25539e-05 1.2242e-05 0.000672048 -6.37915e-05 0.00101924
0.65905 -3.7161 -0.736385 1.38073 2.41332
-3.53853 3.51147 1.54456 -0.513729 -1.00464
-5.56496 2.02659 1.71187 0.572436 1.25423
-5.83024 -1.21037 1.28552 1.99015 3.76762
1.14732 -7.79936 -1.49369 2.95765 5.18761
-5.54327 -5.99287 0.459432 3.9006 7.17248
-0.000315556 0.00121195 0.000581151 0.0012112 0.000654247
0.420226 -0.108948 -0.0948075 -0.0506302 -0.170711
1.97359 -0.975897 -0.623711 -0.0850459 -0.290222
-1.14613 -0.717462 0.183127 0.59444 1.08672
-1.61576 -1.35661 0.187641 0.970798 1.81102
6.64341 5.94004 0.188205 -3.73368 -9.03801
0.000936963 8.05166e-05 -0.00128059 -0.00116099 0.000577666
-1.75205 2.97282 1.08149 -0.712396 -1.58971
-7.76693 5.75728 2.91001 -0.392969 -0.506336
1.66994 -6.81124 -1.47117 2.41287 4.19761
-2.06485 -1.45338 0.293157 1.13097 2.09367
4.32642 -3.8648 -1.15501 0.240326 0.454846
-0.324442 2.36069 0.638079 -0.814597 -1.8561
2.69949 -8.13003 -1.92875 2.70244 4.65789
-0.000642963 -0.00131039 -0.000946431 0.000836214 0.000118954
-6.28199 5.51046 2.58566 -0.627265 -1.1869
0.000638998 0.000996727 -0.000309063 0.000410457 -0.000134394
-1.10492 -2.01188 -0.0441435 1.11449 2.04658
0.00035901 0.000639384 -7.00942e-07 0.000486099 -0.000769963
0.000694021 0.000610118 -0.000954015 0.00110682 -0.000146097
0.00132908 0.00135187 0.000235986 -0.00067633 -0.000498753
-0.000364485 0.00105174 0.000935362 0.000976732 3.96784e-05
-5.07722 -5.88078 0.364479 3.73785 6.85545
0.00130611 -0.000524225 0.00123265 1.61206e-05 -0.000163144
0.000599096 -0.000406828 0.000148396 0.000269868 -7.52941e-05
0.000686237 3.73091e-05 -0.000952137 0.000858543 0.000828928
-0.89542 0.228349 0.275806 0.137716 0.255842
-0.00115662 0.000936438 -0.000246962 -0.000102213 -0.000780734
-1.18596 -4.92233 -0.459859 2.35357 4.2163
4.02184 2.01884 -0.261915 -1.66379 -4.11341
-2.39644 -0.854868 0.466414 0.962848 1.82033
-0.000172114 -0.000229 -3.10874e-05 0.000878851 0.000314923

Bias: 
0 0 0 0.0187418 0 0.329738 0.107296 0 0 0 0.530558 0 0.317559 0.115729 -0.0470645 0.216534 0.656489 0.581282 0 0.0944207 0.135331 0.101083 0.1154 2.45073 0 0.356414 -0.126059 0.567124 0.156798 0.232816 0.418411 0.676906 0 0.129008 0 0.156894 0 0 0 0 0.576449 0 -0.000357034 -0.000411898 0.0359229 -7.54889e-05 0.450492 1.1857 0.0993971 0

-0.0909012 -1.54191 1.89635 1.85605 -2.1196

End File