Neural Network with [3] layers: 5 50 5
Loss: 0.221497, Accuracy: 100%, stepSize: 0.1, reg: 0.0001
Weights: 
-1.27883 -2.84922 1.36982 0.302725 -1.5362 -1.00532 0.00111061 -0.000464915 -0.000680922 0.732338 0.000721316 -0.000894452 0.00109527 -2.67939e-06 -0.846986 -1.39348 -1.26487 0.000350632 -1.08994 0.000936461 0.737531 0.00019492 0.00123252 0.000925791 2.47123 0.000567914 0.00104746 -1.17082 0.000244853 -0.148601 1.83283 -1.19742 0.123209 0.0010872 2.98997 -1.02726 -0.000402295 -0.575682 -7.1862e-05 -0.000102191 0.000511511 1.80898 0.000207647 0.000583674 0.00104486 -0.667138 0.000990327 0.00132455 0.00103261 -1.10726
-1.79334 -4.09172 1.25513 0.385197 -2.12698 -1.67001 0.000709686 0.00035901 0.00130746 0.799502 -6.0273e-05 -3.37681e-05 1.2242e-05 -0.000629109 -1.48562 -2.13126 -1.83649 0.000639384 -1.45225 -0.000237969 0.722843 0.000818976 0.000672048 -0.0009209 2.36943 0.00118525 0.000411574 -1.70037 0.00123297 -0.0914506 1.4643 -1.9872 0.311107 -0.000198948 2.69789 -1.41641 -0.000127274 -0.475671 1.82691e-05 0.00122171 0.000547308 1.46353 0.00101924 0.000813953 6.76329e-05 -1.24957 0.00105566 -0.000769963 -0.000163144 -1.38813
-0.794258 -1.80368 0.633657 0.174564 -0.946804 -0.712438 -0.000642963 0.000694021 0.000604226 0.385463 -0.00070976 0.00107963 4.40971e-05 -0.0011026 -0.629124 -0.928444 -0.809717 0.000610118 -0.652043 0.00092436 0.355958 -0.00126339 0.000147741 -0.000777489 1.18039 -0.000703978 -0.000946431 -0.74957 0.000152354 -0.052527 0.772143 -0.848967 0.126406 -0.000968934 1.37039 -0.632129 0.000838318 -0.244306 0.00027416 0.000359281 0.00131855 0.770916 -0.000162296 0.000559025 -9.92736e-05 -0.521139 0.000118954 -0.000146097 -8.7881e-05 -0.634101
2.5506 5.8066 -2.03241 -0.578354 3.04424 2.3199 -0.00122487 0.00132908 0.000686317 -1.26467 -0.000609255 0.00110917 -0.00048982 0.00121491 2.04977 3.00292 2.60687 0.00135187 2.08089 -0.000624384 -1.15638 9.34457e-05 0.0010576 0.000581151 -3.85609 -0.000863712 0.000490846 2.41792 -0.000952137 0.153475 -2.4558 2.77038 -0.4519 0.0012112 -4.44787 2.0237 0.00116903 0.751138 0.000860447 -0.000164213 0.00122996 -2.45426 0.000621853 0.000654247 -0.00117688 1.7098 -0.000976583 -0.000498753 0.000830003 2.01844
7.11465 16.4874 -5.43034 -1.79311 8.5576 7.05297 0.000638998 -0.000364485 0.000408589 -3.90581 -0.000380924 -0.00118965 0.00131718 -0.00114949 6.30362 8.84801 7.48693 0.00105174 5.62266 -0.000229 -3.27747 -4.59214e-06 0.000337927 -0.00100031 -11.3368 -0.000493862 -0.000309063 7.01279 0.00130775 0.170865 -6.06418 8.51614 -1.9808 -0.000242754 -12.5825 5.60667 0.000408313 1.44881 0.000690502 0.000878851 0.000950774 -6.16134 0.000999478 -0.00130166 0.000577666 5.43937 -0.000134394 3.96784e-05 -0.000364974 5.37255

-5.12113 -2.28554 -0.242013 2.8591 4.78947
-11.8429 -5.27598 -0.469812 6.47924 11.1102
3.56632 2.01691 0.556136 -2.15437 -3.98527
1.21057 0.606439 0.0594015 -0.600161 -1.27742
-6.12672 -2.76586 -0.290879 3.39632 5.78637
-5.06207 -2.19554 -0.0353924 2.54693 4.74438
-0.001226 -3.64931e-05 0.000818515 -0.00101037 0.000101299
0.000484129 0.00107633 -0.00126387 0.000409395 3.907e-05
0.000485277 0.00110757 9.32238e-05 0.000329222 -0.00107331
2.54299 1.38086 0.218274 -1.26121 -2.88034
-0.000315322 0.00109527 0.00123252 -0.000682511 0.000207647
5.40681e-05 1.25413e-05 0.000671443 -6.43933e-05 0.00101864
0.000895817 4.40971e-05 0.000147741 -0.000299591 -0.000162296
-0.0012567 -0.00048746 0.0010561 -0.000804483 0.000619207
-4.53231 -1.93748 -0.00373937 2.23338 4.24032
-6.33825 -2.79915 -0.14659 3.31842 5.96823
-5.36202 -2.39353 -0.196784 2.89218 5.05968
-0.0013325 -0.00110775 -0.000777489 -0.000968934 0.000559025
-4.05505 -1.82546 -0.251002 2.35229 3.78256
-0.00117242 -0.00115372 -0.00100031 -0.000242754 -0.00130166
2.15257 1.19239 0.260149 -1.21017 -2.39623
0.000505599 -0.00031357 -0.000610156 0.00104377 6.76451e-05
0.000240831 -0.000603368 -0.00134522 -0.00110385 -9.92736e-05
0.00116505 0.00112007 -0.000231981 -0.00091432 -0.00117688
7.30626 4.16143 0.871425 -3.92573 -8.41423
7.28875e-05 -9.62337e-05 0.000567914 -0.000364484 -2.99273e-05
-0.00110442 0.00119359 0.00118525 -0.000668394 0.000453853
-5.00784 -2.24727 -0.169961 2.67635 4.74673
-0.000227368 0.00070783 -0.000863717 0.000766399 -0.000813188
-0.128666 -0.086492 -0.0972042 0.196935 0.117216
3.92279 2.37321 0.863414 -2.63921 -4.51656
-6.08272 -2.65922 -0.0330576 3.02311 5.75292
1.28362 0.627996 -0.0818232 -0.378985 -1.45275
-0.00122487 0.000510088 0.000490846 0.0011684 -0.000976583
8.07813 4.70613 1.16938 -4.5695 -9.38253
-4.02879 -1.80845 -0.211629 2.26436 3.78465
0.000358893 0.000639267 -8.17644e-07 0.000486121 -0.000769635
-1.0433 -0.562589 -0.285482 0.907011 0.985672
0.001329 0.00135179 0.000235904 -0.000676361 -0.000498474
-0.000364485 0.00105174 0.000935362 0.000976732 3.96784e-05
-0.000684684 -0.000722156 0.000243895 -7.77836e-05 0.00103261
3.97577 2.39665 0.844237 -2.61499 -4.5998
0.00060267 -0.000403254 0.00015197 0.000271734 -8.7881e-05
0.000685753 3.59276e-05 -0.000952341 0.000859537 0.000830003
0.000410112 0.000246615 0.00130815 0.000692486 -0.000364974
-3.90406 -1.6597 0.0541946 1.85334 3.65487
0.000356293 -0.000237969 -0.000969479 0.00122171 0.00135095
0.00104128 0.00092436 0.00017566 0.000359281 -0.000937581
-0.000615201 -0.000624384 -0.000670914 -0.000164213 0.00035319
-3.85145 -1.77865 -0.287357 2.28605 3.63217

Bias: 
0.195983 0.392971 1.25836 0.261759 0.122862 0.180848 0 0 -0.000165739 0.987017 0 -0.000362737 0 -0.000577481 0.164413 0.173354 0.112486 0 0.1767 0 0.729751 -5.19171e-05 0 0 3.0816 0 0 0.0681376 -4.29867e-05 0.00973964 1.6707 0.113507 0.487598 0 3.58861 0.113577 -0.000218989 0.0238704 -0.000261477 0 0 1.74522 0 0 0 0.148327 0 0 0 0.092865

-1.73127 1.15696 1.81912 0.912473 -2.15728

End File