Neural Network with [3] layers: 5 50 5
Loss: 0.201354, Accuracy: 100%, stepSize: 0.1, reg: 0.0001
Weights: 
-0.00135332 -0.000760687 -0.000315322 0.77678 -0.000223339 0.0335202 3.74006 -0.000464915 -0.000684684 -0.0011566 1.22523 -0.000902658 1.91424 0.208864 2.3109 -0.00956925 3.31897 0.000350632 -0.309764 1.27516 1.04321 0.0760228 2.40642 -7.45298 -6.00582 0.135589 2.53389 0.890856 0.000239076 1.57584 -2.15994 1.71549 -0.000685511 0.10703 -8.52828 1.7943 -0.00040729 -0.000770731 -7.77836e-05 -0.000102191 0.000511511 -6.95646 0.000206274 0.000583674 0.82345 -2.99273e-05 4.20746 -1.44796 2.60332 -0.000780825
-0.000997309 -0.001226 5.25539e-05 0.00175756 0.000505534 0.814394 1.05924 0.00035901 0.00130611 0.000356293 -0.244529 -3.64931e-05 0.571379 0.192429 0.527214 1.19403 1.15147 0.000639384 0.430112 0.327417 -0.363816 0.237951 0.323872 -0.973899 -0.979112 -0.229782 0.545913 0.489383 0.00123421 -0.270251 -0.506216 0.971789 -6.12231e-05 0.858783 -0.753002 0.317507 -0.000129108 0.000486099 1.61206e-05 0.00122171 0.000547308 -0.371006 0.00101985 0.000813953 0.419899 0.000453853 0.947775 -0.378937 0.788833 0.00135095
0.000691841 0.000484129 0.000895817 0.000794759 0.000240831 0.248716 0.40181 0.000694021 0.00060267 0.00104128 -0.0584335 0.00107633 0.214417 0.0555823 0.205004 0.356562 0.418547 0.000610118 0.129961 0.127893 -0.0559836 0.0698567 0.136685 -0.395976 -0.379696 -0.0696799 0.214016 0.157936 0.000154402 -0.0591871 -0.184206 0.319428 -0.00029572 0.260643 -0.335376 0.127479 0.000836214 0.00110682 0.000271734 0.000359281 0.00131855 -0.225947 -0.000161349 0.000559025 0.150865 0.000492748 0.371838 -0.132841 0.290878 -0.000937581
-0.000111921 0.000485298 -0.00125976 0.000567113 0.00116505 3.67192 3.81539 0.00132908 0.000685753 -0.000615201 -1.48874 0.00110759 2.11444 0.893954 1.81451 5.39995 4.48548 0.00135187 1.92843 1.14484 -2.24146 1.07851 0.938525 -3.55479 -3.83776 -1.2018 1.83367 2.10632 -0.00095165 -1.70682 -2.185 4.15474 -0.000801826 3.87339 -2.40047 1.02395 0.0011684 -0.00067633 0.000859537 -0.000164213 0.00122996 -0.568674 0.000622122 0.000654247 1.65735 -0.000813209 3.23215 -1.68023 3.00796 0.00035319
8.86904e-05 0.00117657 -0.00120864 0.111527 0.000936963 4.57082 9.10514 -0.000364485 0.000410112 -0.000172114 -0.297519 -0.00118941 4.78758 1.00662 4.83606 6.48394 9.0581 0.00105174 2.22797 2.93924 -0.851444 1.34197 3.62029 -10.3717 -9.33386 -1.05143 5.12394 3.35296 0.00130676 -0.0897814 -4.1159 6.69782 -0.00127582 4.83542 -9.79136 3.18902 0.000410457 0.000976732 0.000692486 0.000878851 0.000950774 -6.85735 0.000999029 -0.00130166 3.12139 0.00112769 8.81199 -2.88259 6.41534 0.000314923

-0.00135332 0.000721316 0.00010097 -9.73578e-05 0.000511511
-0.000997309 -6.0273e-05 -8.68374e-05 0.00124804 0.000547308
0.000691841 -0.00070976 -0.000575948 -0.00101221 0.00131855
-0.00172745 -0.00373766 -0.0171104 -0.544707 0.566108
8.86904e-05 -0.000380924 -0.000937269 -0.000489233 0.000950774
-2.12251 -4.09248 1.61229 2.87028 1.73073
-6.88216 -3.73489 0.681185 4.05394 5.88057
0.000484129 0.00107633 -0.00126387 0.000409395 3.907e-05
0.000485298 0.00110759 9.32446e-05 0.000329224 -0.00107338
0.00117657 -0.00118941 -4.11383e-06 0.000820321 -0.000232697
-0.26451 1.41767 -0.919923 -0.863035 0.631334
5.25539e-05 1.2242e-05 0.000672048 -6.37915e-05 0.00101924
-3.57892 -2.07208 0.406483 2.17153 3.07361
-0.463554 -0.981922 0.363998 0.519688 0.560918
-3.74589 -1.78092 0.191428 1.98897 3.34659
-2.77757 -6.08229 2.39852 4.05817 2.40584
-6.61469 -4.38447 1.03437 4.29475 5.66957
-0.0013325 -0.00110775 -0.000777489 -0.000968934 0.000559025
-0.856025 -2.16339 0.9511 1.54214 0.529523
-2.24447 -1.12963 0.15897 1.27419 1.93607
-0.065816 1.86128 -1.70394 -0.589628 0.49683
-0.624502 -1.20684 0.454172 0.810189 0.567672
-2.97179 -0.946021 -0.22296 1.16038 2.97749
7.77861 4.00315 1.11512 -3.61456 -9.28235
6.78581 4.19129 0.537593 -3.60921 -7.90633
0.48972 1.19773 -0.468619 -0.836364 -0.382322
-4.00188 -1.80113 0.146989 2.05974 3.59734
-2.33481 -2.02113 0.688449 1.75268 1.9128
-0.000227769 0.000707428 -0.000864119 0.000766266 -0.00081185
-0.513328 1.6138 -1.10963 -0.909618 0.920567
2.81511 2.31804 -0.085651 -1.85651 -3.18736
-4.66025 -3.99336 1.36476 3.53325 3.75663
-0.00064171 -0.00131063 -0.000946769 0.000835875 0.000118615
-2.30063 -4.29097 1.68678 3.00554 1.89924
7.68771 2.92107 1.9058 -2.70858 -9.8044
-2.53444 -1.01757 -0.0257811 1.18253 2.39539
0.00035901 0.000639384 -7.00942e-07 0.000486099 -0.000769963
0.000694021 0.000610118 -0.000954015 0.00110682 -0.000146097
0.00132908 0.00135187 0.000235986 -0.00067633 -0.000498753
-0.000364485 0.00105174 0.000935362 0.000976732 3.96784e-05
-0.000684684 -0.000722156 0.000243895 -7.77836e-05 0.00103261
5.7214 1.03745 2.11805 -1.40906 -7.46598
0.000602621 -0.000403303 0.000151921 0.000271685 -8.76861e-05
0.000685753 3.59276e-05 -0.000952341 0.000859537 0.000830003
-2.22739 -1.60623 0.503968 1.62153 1.71041
-0.0011566 0.000936461 -0.000246939 -0.000102191 -0.000780825
-6.80937 -3.20124 0.284661 3.64258 6.08509
1.93461 1.7603 -0.143679 -1.33956 -2.21011
-4.75852 -2.94288 0.60018 2.91172 4.18779
-0.000172114 -0.000229 -3.10874e-05 0.000878851 0.000314923

Bias: 
0 0 0 -0.0696095 0 0.185816 0.876433 0 0 0 0.686664 0 0.359691 0.0307581 0.547964 0.276858 0.355278 0 0.122772 0.307639 -0.140256 0.0497871 0.499863 1.73674 1.79288 0.566813 0.634466 0.143453 -0.00022192 0.838992 1.05562 0.288412 -0.000349459 0.191249 1.54068 0.387478 0 0 0 0 0 1.06913 -8.63735e-05 0 0.177033 0 0.933091 0.817462 0.325793 0

-2.39799 2.09054 1.65452 0.148656 -1.49572

End File