Neural Network with [3] layers: 5 50 5
Loss: 0.193253, Accuracy: 100%, stepSize: 0.1, reg: 0.0001
Weights: 
-1.60667 -1.13359 -0.0757549 -0.377092 -0.332928 0.624051 0.00111061 -0.000464915 -0.000684684 -1.34423 0.000721444 -0.000902658 0.00109527 1.76419 1.79753 2.70929 0.0827621 0.000350632 -1.03293 0.000936461 -0.421238 -0.336026 0.00123252 0.000925791 -0.210251 0.000567914 0.00104746 0.306304 0.000244042 -2.39142 5.21438 0.917473 -2.55454 0.0010872 3.21194 -0.720228 -0.00040729 -0.000768745 -7.59444e-05 -0.000102191 0.000511511 3.05934 0.000207647 0.000583674 0.00104486 -2.59955e-05 0.000990327 0.00132455 0.00103261 0.275955
-3.51544 -5.68051 1.24521 0.0609164 -2.39314 -1.60328 0.000709686 0.00035901 0.00130611 -0.455242 -6.02119e-05 -3.64931e-05 1.2242e-05 1.22258 0.32928 0.593594 -2.39429 0.000639384 -2.46241 -0.000237969 0.425314 -0.0914054 0.000672048 -0.0009209 2.71493 0.00118525 0.000411574 -1.43004 0.00123273 -2.51733 6.70398 -1.74294 -2.05089 -0.000198948 6.36656 -1.99628 -0.000129108 0.000485142 1.71372e-05 0.00122171 0.000547308 4.33341 0.00101924 0.000813953 6.76329e-05 0.000456036 0.00105566 -0.000769963 -0.000163144 -0.801741
0.618397 0.996354 -0.246947 -0.0177527 0.421213 0.27883 -0.000642963 0.000694021 0.00060267 0.0628487 -0.000709666 0.00107633 4.40971e-05 -0.233372 -0.0695634 -0.122693 0.418629 0.000610118 0.431661 0.00092436 -0.092113 0.00943385 0.000147741 -0.000777489 -0.553395 -0.000703978 -0.000946431 0.250312 0.000152077 0.444867 -1.23578 0.305 0.355401 -0.000968934 -1.21724 0.350531 0.000836214 0.00111186 0.000272987 0.000359281 0.00131855 -0.805896 -0.000162296 0.000559025 -9.92736e-05 0.000495426 0.000118954 -0.000146097 -8.7881e-05 0.138918
0.947503 1.53062 -0.351803 -0.0195753 0.646707 0.430146 -0.00122487 0.00132908 0.000685753 0.112899 -0.000609217 0.00110759 -0.00048982 -0.337428 -0.0933829 -0.167886 0.645458 0.00135187 0.663517 -0.000624384 -0.124137 0.0221451 0.0010576 0.000581151 -0.770615 -0.000863712 0.000490846 0.385783 -0.000952301 0.679058 -1.83705 0.469209 0.54974 0.0012112 -1.76698 0.539243 0.0011684 -0.000673584 0.000859994 -0.000164213 0.00122996 -1.19211 0.000621853 0.000654247 -0.00117688 -0.000812234 -0.000976583 -0.000498753 0.000830003 0.216232
6.35382 15.8366 -5.10392 -1.73439 7.25826 8.0516 0.000638998 -0.000364485 0.000410112 -3.79891 -0.000380926 -0.00118941 0.00131718 2.40859 5.73475 8.27428 8.82469 0.00105174 4.79474 -0.000229 -3.34531 -1.04149 0.000337927 -0.00100031 -11.4622 -0.000493862 -0.000309063 6.2745 0.00130806 -0.196363 -4.55342 9.69997 -2.59172 -0.000242754 -11.5944 4.3603 0.000410457 0.000968707 0.000691415 0.000878851 0.000950774 -4.26017 0.000999478 -0.00130166 0.000577666 0.00112523 -0.000134394 3.96784e-05 -0.000364974 3.91414

-4.89117 -1.32634 -1.33598 3.17405 4.37933
-11.8583 -3.6234 -0.0561112 5.15908 10.3794
3.46579 1.45782 -0.399669 -0.958456 -3.56577
1.17502 0.504341 -0.546946 -0.0252363 -1.10835
-5.39819 -1.69171 0.184091 2.1678 4.73724
-5.90072 -1.96696 1.34274 1.48095 5.0423
-0.001226 -3.64931e-05 0.000818515 -0.00101037 0.000101299
0.000484129 0.00107633 -0.00126387 0.000409395 3.907e-05
0.000485298 0.00110759 9.32446e-05 0.000329224 -0.00107338
2.45302 1.20549 -1.77466 0.508305 -2.39159
-0.000315322 0.00109527 0.00123252 -0.000682511 0.000207647
5.25539e-05 1.2242e-05 0.000672048 -6.37915e-05 0.00101924
0.000895817 4.40971e-05 0.000147741 -0.000299591 -0.000162296
-1.61749 -0.729286 2.22679 -1.05564 1.17476
-4.05236 -1.53724 2.5149 -0.255349 3.33022
-5.83699 -2.23025 3.76188 -0.470871 4.77889
-6.51347 -2.10743 0.77985 2.17854 5.66204
-0.0013325 -0.00110775 -0.000777489 -0.000968934 0.000559025
-3.67456 -1.01624 -0.80147 2.22874 3.26687
-0.00117242 -0.00115372 -0.00100031 -0.000242754 -0.00130166
2.24793 0.981541 -0.691057 -0.291273 -2.24842
0.671548 0.330964 -0.447816 0.11249 -0.666493
0.000240831 -0.000603368 -0.00134522 -0.00110385 -9.92736e-05
0.00116505 0.00112007 -0.000231981 -0.00091432 -0.00117688
7.68041 3.35486 -0.916753 -2.02135 -8.09801
7.28875e-05 -9.62337e-05 0.000567914 -0.000364484 -2.99273e-05
-0.00110442 0.00119359 0.00118525 -0.000668394 0.000453853
-4.59615 -1.52953 0.836102 1.30181 3.98577
-0.000227363 0.000707835 -0.000863713 0.000766404 -0.000813207
-0.127443 0.304934 -2.74533 2.24515 0.324484
3.43759 0.939292 5.74919 -5.69096 -4.43148
-7.0645 -2.40593 1.8009 1.60201 6.06855
1.54744 0.94944 -3.09831 1.86224 -1.26276
-0.00122487 0.000510088 0.000490846 0.0011684 -0.000976583
7.97582 3.17301 3.03636 -5.16421 -9.01937
-3.30124 -0.960166 -0.483304 1.79987 2.94498
0.00035901 0.000639384 -7.00942e-07 0.000486099 -0.000769963
0.000686654 0.000603078 -0.000959611 0.00110769 -0.000126963
0.00132905 0.00135184 0.000235954 -0.000676361 -0.000498626
-0.000364485 0.00105174 0.000935362 0.000976732 3.96784e-05
-0.000684684 -0.000722156 0.000243895 -7.77836e-05 0.00103261
3.07771 1.01579 3.27958 -3.63627 -3.73494
0.00060267 -0.000403254 0.00015197 0.000271734 -8.7881e-05
0.000685753 3.59276e-05 -0.000952341 0.000859537 0.000830003
0.000410112 0.000246615 0.00130815 0.000692486 -0.000364974
-0.00115708 0.000935979 -0.000247157 -0.00010232 -0.000779514
0.000356293 -0.000237969 -0.000969479 0.00122171 0.00135095
0.00104128 0.00092436 0.00017566 0.000359281 -0.000937581
-0.000615201 -0.000624384 -0.000670914 -0.000164213 0.00035319
-2.86854 -0.95243 0.623354 0.739134 2.45925

Bias: 
0.651073 1.15138 1.11515 0.259857 0.427472 0.436198 0 0 0 0.93681 -9.20446e-06 0 0 0.235542 0.225241 0.340974 0.46927 0 0.484888 0 0.700831 0.27376 0 0 2.96426 0 0 0.263404 -1.07467e-05 0.362894 1.36784 0.38587 0.609629 0 3.32078 0.333226 0 -0.000423321 -0.000125189 0 0 1.2405 0 0 0 -0.000267503 0 0 0 0.204992

-1.86507 1.46559 1.38379 1.30392 -2.28823

End File