Neural Network with [3] layers: 5 50 5
Loss: 0.19162, Accuracy: 100%, stepSize: 0.1, reg: 0.0001
Weights: 
1.60053 1.10797 -0.000315322 -1.18211 -1.07185 0.771342 0.00111061 -0.448807 -0.00068051 -0.0011542 0.000721316 -1.1156 0.00109527 -1.54857 0.23638 -0.501711 -1.67685 0.000350632 0.990435 0.000936461 0.00010097 -0.872561 0.00123252 -0.783409 -2.06538 0.000567914 0.00104746 -2.02236 0.000243895 0.219544 -9.73578e-05 -1.23242 -0.247066 0.00110118 0.266573 -1.22498 -0.196913 -0.000770731 -0.494868 -0.000102191 0.000511511 -0.000566272 0.000209246 0.000583674 0.00104486 -2.99273e-05 0.000990327 0.00132455 0.00103261 -0.418728
0.93389 0.767133 5.25539e-05 -0.671182 -0.470134 0.480025 0.000709686 -0.308866 0.0013083 0.000357607 -6.0273e-05 -0.626531 1.2242e-05 -0.835101 0.17589 -0.174766 -0.827098 0.000639384 0.585034 -0.000237969 -8.68374e-05 -0.474866 0.000672048 -0.694233 -1.26973 0.00118525 0.000411574 -1.01299 0.00123265 0.119743 0.00124804 -0.569803 -0.145851 -0.00019125 -0.00739826 -0.611667 -0.127287 0.000486099 -0.351739 0.00122171 0.000547308 0.000103495 0.00102009 0.000813953 6.76329e-05 0.000453853 0.00105566 -0.000769963 -0.000163144 -0.155154
0.434522 0.244406 0.000895817 -0.23631 -0.288337 0.188715 -0.000642963 -0.0431869 0.000605525 0.00104287 -0.00070976 -0.200759 4.40971e-05 -0.33119 0.0683843 -0.167321 -0.438124 0.000610118 0.249995 0.00092436 -0.000575948 -0.222203 0.000147741 0.0839629 -0.303383 -0.000703978 -0.000946431 -0.500665 0.00015197 0.0687958 -0.00101221 -0.315745 -0.051431 -0.000956735 0.212501 -0.291488 -0.0247499 0.00110682 -0.0210759 0.000359281 0.00131855 4.16583e-05 -0.000161194 0.000559025 -9.92736e-05 0.000492748 0.000118954 -0.000146097 -8.7881e-05 -0.134992
-0.919215 0.0595793 -0.00125976 0.617942 1.34219 -0.237257 -0.00122487 -0.086137 0.000683924 -0.000615936 -0.000609255 0.565134 -0.00048982 1.05353 0.0193668 0.915173 1.66952 0.00135187 -0.489159 -0.000624384 -0.000870664 0.661348 0.0010576 -1.11153 0.439909 -0.000863712 0.000490846 1.86093 -0.000952341 -0.195226 -0.000812661 1.38667 0.111581 0.0012019 -1.14433 1.10198 0.0159084 -0.00067633 -0.197476 -0.000164213 0.00122996 -0.00107455 0.000621147 0.000654247 -0.00117688 -0.000813209 -0.000976583 -0.000498753 0.000830003 0.702493
7.92142 15.0136 -0.00120864 -4.12223 6.63093 6.47352 0.000638998 -5.40889 0.000408456 -0.00017251 -0.000380924 -3.57832 0.00131718 -2.1676 3.85895 6.76015 3.80189 0.00105174 5.61058 -0.000229 -0.000937269 -1.22761 0.000337927 -20.1204 -14.2555 -0.000493862 -0.000309063 2.99254 0.00130815 0.295672 -0.000489233 5.55311 -1.2035 -0.000237454 -10.4214 1.80001 -1.71877 0.000976732 -6.78631 0.000878851 0.000950774 -0.000233293 0.000998835 -0.00130166 0.000577666 0.00112769 -0.000134394 3.96784e-05 -0.000364974 4.81215

-5.52318 -1.73302 -0.886345 3.56112 4.58131
-9.37579 -4.78475 -0.422425 4.98629 9.59733
0.000691841 -0.00070976 -0.000575948 -0.00101221 0.00131855
2.68761 0.791865 1.03295 -1.96022 -2.55338
-3.48495 -3.20099 1.00235 0.882058 4.80076
-4.21937 -1.8462 -0.34802 2.43209 3.97981
-0.001226 -3.64931e-05 0.000818515 -0.00101037 0.000101299
3.11887 1.78027 0.470806 -1.66829 -3.70091
0.000485255 0.00110755 9.32019e-05 0.000329225 -0.00107325
0.00117655 -0.00118933 -4.1337e-06 0.000820301 -0.000232717
-0.000315322 0.00109527 0.00123252 -0.000682511 0.000207647
2.33321 0.66997 0.968656 -1.77231 -2.19784
0.000895817 4.40971e-05 0.000147741 -0.000299591 -0.000162296
1.71813 -0.182131 1.31306 -1.77513 -1.0748
-2.40732 -1.22924 -0.0851156 1.23568 2.48616
-3.74976 -2.89208 0.548272 1.38274 4.71349
-1.60283 -2.58258 1.46175 -0.348632 3.07182
-0.0013325 -0.00110775 -0.000777489 -0.000968934 0.000559025
-3.80649 -1.36432 -0.537224 2.38788 3.3235
-0.00117242 -0.00115372 -0.00100031 -0.000242754 -0.00130166
-0.000223339 1.91388e-06 -0.00110706 -0.000998254 0.00104486
1.0132 -0.164073 0.753578 -0.997569 -0.604446
0.000240831 -0.000603368 -0.00134522 -0.00110385 -9.92736e-05
11.1573 7.27711 1.13236 -5.42331 -14.1435
8.52635 4.1459 1.92447 -5.13252 -9.46504
7.28875e-05 -9.62337e-05 0.000567914 -0.000364484 -2.99273e-05
-0.00110442 0.00119359 0.00118525 -0.000668394 0.000453853
-1.02782 -2.48192 1.72375 -0.842843 2.62684
-0.000227363 0.000707835 -0.000863712 0.000766405 -0.000813209
-0.289939 0.0709587 -0.157643 0.268486 0.109926
0.00111061 0.000887296 0.00104746 -0.00040729 0.000990327
-2.80973 -2.89611 1.12018 0.470693 4.116
0.755989 0.286322 0.223084 -0.492553 -0.774787
-0.00121898 0.000508617 0.00048955 0.00116719 -0.000978497
5.49656 4.23886 0.0727976 -2.23921 -7.56741
-0.627404 -1.47575 1.03638 -0.51641 1.58332
1.00414 0.530433 0.201951 -0.569897 -1.16591
0.000694021 0.000610118 -0.000954015 0.00110682 -0.000146097
3.85291 2.31035 0.550481 -2.02696 -4.68504
-0.000364485 0.00105174 0.000935362 0.000976732 3.96784e-05
-0.000684684 -0.000722156 0.000243895 -7.77836e-05 0.00103261
0.00130602 -0.000523927 0.0012326 1.60366e-05 -0.000163228
0.000602632 -0.000403292 0.000151931 0.000271702 -8.77348e-05
0.000685753 3.59276e-05 -0.000952341 0.000859537 0.000830003
0.000410112 0.000246615 0.00130815 0.000692486 -0.000364974
-0.0011566 0.000936461 -0.000246939 -0.000102191 -0.000780825
0.000356293 -0.000237969 -0.000969479 0.00122171 0.00135095
0.00104128 0.00092436 0.00017566 0.000359281 -0.000937581
-0.000615201 -0.000624384 -0.000670914 -0.000164213 0.00035319
-2.64388 -2.10123 0.436442 0.932347 3.37708

Bias: 
2.16939 1.92122 0 0.12068 -0.043671 1.253 0 0.562175 -0.00018022 -0.000115583 0 0.122922 0 -0.141639 0.45763 0.137233 -0.319488 0 1.32392 0 0 -0.105838 0 2.87856 1.11504 0 0 -0.436384 0 0.192537 0 -0.103574 0.0596562 -0.000561522 1.87625 -0.266148 0.194266 0 0.829544 0 0 -0.00019325 -6.95536e-05 0 0 0 0 0 0 0.0632653

-1.94288 1.15912 1.8454 1.18822 -2.24986

End File