Neural Network with [3] layers: 5 50 5
Loss: 0.188004, Accuracy: 100%, stepSize: 0.1, reg: 0.0001
Weights: 
-0.00135332 -3.1217 -0.000315322 1.11539 -0.000223339 -0.173167 -0.184107 -0.000464915 -0.000684684 -0.0011566 -2.56007 -0.000902658 3.51559 -1.62282 -4.22201 0.436122 3.93069 1.75594 -4.54412 1.78929 -0.620348 2.35471 4.98414 -2.63322 -3.40234 0.631694 -1.74367 2.12774 0.000243895 -0.000249207 -9.73578e-05 3.60773 -0.000682511 -0.376926 -0.000998254 -2.0303 -0.00040729 -0.000770731 -8.16586e-05 -0.000102191 0.000511511 -0.000570253 0.000205638 3.09806 0.560868 -2.99273e-05 1.90351 0.517494 1.03535 -0.000780825
-0.000997309 -0.245496 5.25539e-05 0.186011 0.000505534 0.129048 0.157211 0.00035901 0.00130611 0.000356293 -0.65389 -3.64931e-05 0.808 -0.321989 -0.777852 0.36094 1.05661 0.733034 -0.809527 0.334583 -0.218331 0.54462 1.01202 -1.15605 -1.03516 0.0273486 -0.342259 0.64168 0.00123265 -0.000968171 0.00124804 0.959412 -6.37915e-05 -0.0413174 0.00104383 -0.302974 -0.000129108 0.000486099 1.85518e-05 0.00122171 0.000547308 0.000101299 0.00102047 0.492286 0.195801 0.000453853 0.436744 -0.175566 0.357579 0.00135095
0.000691841 -1.69666 0.000895817 0.216872 0.000240831 -0.624105 -0.716436 0.000694021 0.00060267 0.00104128 0.202922 0.00107633 -0.0755522 -0.172986 -0.656779 -0.952789 -0.641038 -1.22329 -0.821337 0.215854 0.246836 -0.0629792 0.355355 1.72148 0.797543 0.379136 -0.19365 -0.590921 0.00015197 0.000177528 -0.00101221 -0.54837 -0.000299591 -0.173056 -0.00110385 -0.571105 0.000836214 0.00110682 0.000275081 0.000359281 0.00131855 3.907e-05 -0.000160547 0.665867 -0.128558 0.000492748 -0.0204801 0.918028 -0.215883 -0.000937581
-0.000111921 -0.305877 -0.00125976 0.162427 0.00116505 0.0810717 0.0944955 0.00132908 0.000685753 -0.000615201 -0.596277 0.00110759 0.698263 -0.29813 -0.727191 0.264762 0.892595 0.580483 -0.764452 0.295667 -0.195529 0.470739 0.889774 -1.04008 -0.932723 0.021004 -0.318703 0.530573 -0.000952341 -0.000671417 -0.000812661 0.8109 -0.000803206 -0.045115 -0.00091432 -0.297833 0.0011684 -0.00067633 0.000858549 -0.000164213 0.00122996 -0.00107338 0.000621348 0.438574 0.083313 -0.000813209 0.373729 -0.155104 0.159568 0.00035319
8.86904e-05 13.7229 -0.00120864 -1.51518 0.000936963 5.53756 6.34459 -0.000364485 0.000410112 -0.000172114 -3.38318 -0.00118941 2.35515 0.684695 3.7388 8.78699 7.6766 11.9095 5.05185 -1.14822 -2.67894 1.68124 -0.915573 -17.9024 -9.48385 -3.29134 0.814764 6.35875 0.00130815 -3.14556e-05 -0.000489233 6.69227 -0.00127654 1.34583 -0.00116099 4.1134 0.000410457 0.000976732 0.000691697 0.000878851 0.000950774 -0.000232697 0.000998938 -4.74385 1.38639 0.00112769 1.1233 -8.4825 2.43691 0.000314923

-0.00135332 0.000721316 0.00010097 -9.73578e-05 0.000511511
-9.33398 -2.2707 -1.62505 3.55413 9.67625
0.000691841 -0.00070976 -0.000575948 -0.00101221 0.00131855
1.44771 -0.406878 0.3143 -0.246646 -1.10966
8.86904e-05 -0.000380924 -0.000937269 -0.000489233 0.000950774
-3.10171 -1.81831 -0.567144 1.55487 3.9306
-3.54065 -2.09482 -0.650292 1.77308 4.51132
0.000484129 0.00107633 -0.00126387 0.000409395 3.907e-05
0.000485298 0.00110759 9.32446e-05 0.000329224 -0.00107338
0.00117657 -0.00118941 -4.11383e-06 0.000820321 -0.000232697
0.120934 3.27905 0.311733 -1.08631 -2.62387
5.25539e-05 1.2242e-05 0.000672048 -6.37915e-05 0.00101924
0.835254 -3.76637 0.110885 1.10946 1.71139
-1.38627 1.0968 -0.171861 0.0371402 0.423314
-4.63445 2.17075 -0.683217 0.622217 2.52487
-4.4796 -3.47394 -0.844779 2.537 6.26397
-1.77087 -5.9907 -0.409886 2.64719 5.52379
-5.35574 -5.67518 -1.0569 3.56414 8.52005
-5.55204 1.97078 -0.827734 0.974574 3.43776
1.65501 -1.09807 0.337722 -0.0574946 -0.842042
0.993916 1.44019 0.313203 -0.746006 -2.00258
0.503916 -2.55936 0.0631293 0.772327 1.22068
3.43476 -3.84905 0.644812 0.42144 -0.65487
7.48251 8.34355 2.3271 -4.70704 -13.4462
2.72594 6.08318 1.07961 -2.70823 -7.18134
2.07047 0.610844 0.506777 -0.757689 -2.43025
-1.52845 1.15188 -0.196193 0.0583717 0.515451
-2.14213 -4.0217 -0.451386 2.04701 4.5662
-0.000227363 0.000707835 -0.000863712 0.000766405 -0.000813209
0.000544053 0.000732378 -0.000493792 -0.000121114 0.00112725
0.00111061 0.000887296 0.00104746 -0.00040729 0.000990327
-1.43638 -5.37385 -0.336917 2.33221 4.81597
-0.000642963 -0.00131039 -0.000946431 0.000836214 0.000118954
-0.968751 -0.166961 -0.153143 0.353146 0.935677
0.000638998 0.000996727 -0.000309063 0.000410457 -0.000134394
-3.46775 0.227663 -0.576462 0.941753 2.87493
0.00035901 0.000639384 -7.00942e-07 0.000486099 -0.000769963
0.000694021 0.000610118 -0.000954015 0.00110682 -0.000146097
0.00132905 0.00135184 0.000235952 -0.000676355 -0.000498626
-0.000364485 0.00105174 0.000935362 0.000976732 3.96784e-05
-0.000684684 -0.000722156 0.000243895 -7.77836e-05 0.00103261
0.00130611 -0.000524225 0.00123265 1.61206e-05 -0.000163144
0.000602462 -0.000403462 0.000151761 0.000271546 -8.70688e-05
4.29669 -0.943048 0.941958 -0.811368 -3.48277
-0.0720535 -1.15651 -0.0661701 0.413874 0.883149
-0.0011566 0.000936461 -0.000246939 -0.000102191 -0.000780825
0.556882 -1.98072 0.0561262 0.540165 0.829264
4.64421 2.49455 1.2241 -2.05301 -6.30828
-0.11988 -2.05433 -0.117763 0.733409 1.55684
-0.000172114 -0.000229 -3.10874e-05 0.000878851 0.000314923

Bias: 
0 1.30464 0 0.164226 0 0.432807 0.460707 0 0 0 0.932772 0 0.182169 0.339966 0.828877 0.585015 0.419891 0.670904 1.02984 0.180125 0.363531 0.126138 0.285689 2.91026 1.77211 0.356499 0.347421 0.332833 0 -0.000126957 0 0.377204 0 0.202531 0 0.481372 0 0 -0.000231195 0 0 0 -0.000119375 0.526895 -0.0464065 0 -0.0145862 1.10535 -0.0851391 0

-1.57367 0.471934 2.05629 1.17695 -2.13151

End File