Neural Network with [3] layers: 5 50 5
Loss: 0.19373, Accuracy: 100%, stepSize: 0.1, reg: 0.0001
Weights: 
-0.00135332 -0.000760687 -0.000315322 0.0992142 -0.000223339 0.197051 0.627753 -0.000464915 -0.000684684 -0.0011566 0.481894 -0.000902658 0.227935 -0.235638 0.129226 0.309794 0.190753 0.465966 -0.000722156 0.271076 0.300869 0.120017 0.00998884 1.11614 0.325074 0.381959 0.293107 0.0139513 0.000243895 -0.000247098 -9.73578e-05 0.0163277 -0.000682511 0.244506 -0.000998254 0.00396331 -0.00040729 -0.000770731 -8.23592e-05 -0.000102191 0.000511511 -0.000570253 0.000199993 0.255337 0.278119 -2.99273e-05 0.622864 0.753144 0.0829247 -0.000780825
-0.000997309 -0.001226 5.25539e-05 -0.224801 0.000505534 1.27707 1.65457 0.00035901 0.00130611 0.000356293 -0.736366 -3.64931e-05 0.791266 -0.351966 0.666939 1.96427 1.8062 3.15 -0.000524225 -0.0245189 -0.309721 0.368263 0.0525577 -3.57213 -1.77849 -0.53952 -0.0506179 1.57564 0.00123265 -0.000969409 0.00124804 1.74751 -6.37915e-05 -0.151947 0.00104383 0.803635 -0.000129108 0.000486099 1.81755e-05 0.00122171 0.000547308 0.000101299 0.00102239 -0.531915 0.295239 0.000453853 1.68981 -1.59565 0.465724 0.00135095
0.000691841 0.000484129 0.000895817 0.0552732 0.000240831 -0.20826 -0.143723 0.000694021 0.00060267 0.00104128 0.224406 0.00107633 -0.0835736 -0.0270007 -0.0927079 -0.306667 -0.295304 -0.487622 -0.000403254 0.0689351 0.116768 -0.0363421 -0.0080853 0.773977 0.320785 0.173644 0.0681656 -0.311844 0.00015197 0.000175757 -0.00101221 -0.34927 -0.000299591 0.0862794 -0.00110385 -0.158557 0.000836214 0.00110682 0.000274641 0.000359281 0.00131855 3.907e-05 -0.00015727 0.15037 0.0209686 0.000492748 -0.133431 0.41842 -0.0607377 -0.000937581
-0.000111921 0.000485298 -0.00125976 0.0710459 0.00116505 -1.38232 -1.96695 0.00132908 0.000685753 -0.000615201 -1.55436e-05 0.00110759 -0.862906 0.388293 -0.671554 -2.03963 -1.73847 -3.19975 3.59276e-05 -0.216225 -0.0459166 -0.390061 -0.0350942 1.09822 0.758067 -0.0173605 -0.199702 -1.43655 -0.000952341 -0.00067093 -0.000812661 -1.63132 -0.000803206 -0.128689 -0.00091432 -0.71145 0.0011684 -0.00067633 0.000858675 -0.000164213 0.00122996 -0.00107338 0.00062021 0.131395 -0.499238 -0.000813209 -1.9262 0.270264 -0.4492 0.00035319
8.86904e-05 0.00117657 -0.00120864 -1.40508 0.000936963 6.04266 6.54482 -0.000364485 0.000410112 -0.000172114 -4.98382 -0.00118941 3.35477 -1.01169 2.97065 9.14138 8.6708 14.7341 0.000246615 -0.822098 -2.35899 1.52339 0.239078 -20.4966 -9.56019 -3.74914 -1.05333 8.03305 0.00130815 -3.11037e-05 -0.000489233 8.96748 -0.00127654 -1.43313 -0.00116099 4.0775 0.000410457 0.000976732 0.000691407 0.000878851 0.000950774 -0.000232697 0.000996322 -3.33747 0.694496 0.00112769 6.72207 -9.88143 2.12056 0.000314923

-0.00135332 0.000721316 0.00010097 -9.73578e-05 0.000511511
-0.000997309 -6.0273e-05 -8.68374e-05 0.00124804 0.000547308
0.000691841 -0.00070976 -0.000575948 -0.00101221 0.00131855
0.911971 0.435837 -0.028496 -0.388407 -0.93208
8.86904e-05 -0.000380924 -0.000937269 -0.000489233 0.000950774
-4.70372 -1.27318 0.414122 2.11951 3.44157
-5.37385 -0.887785 0.0144093 2.63584 3.61003
0.000484129 0.00107633 -0.00126387 0.000409395 3.907e-05
0.000485298 0.00110759 9.32446e-05 0.000329224 -0.00107338
0.00117657 -0.00118941 -4.11383e-06 0.000820321 -0.000232697
3.06023 1.67592 -0.0339181 -1.25888 -3.44181
5.25539e-05 1.2242e-05 0.000672048 -6.37915e-05 0.00101924
-2.65446 -0.559141 0.0228144 1.27881 1.9126
0.852086 -0.0386559 0.304859 -0.53486 -0.584302
-2.29446 -0.566625 0.05961 1.06893 1.73271
-7.06518 -1.88368 0.458821 3.21827 5.27442
-6.55773 -1.89261 0.368086 2.97616 5.10562
-11.3192 -3.06831 0.664417 5.16499 8.5545
-0.000315556 0.00121195 0.000581151 0.0012112 0.000654247
0.372929 0.468759 -0.139623 -0.0611037 -0.645832
1.42902 0.868158 -0.123811 -0.545841 -1.62881
-1.20053 -0.237237 -0.032121 0.591298 0.879286
-0.172801 -0.0534877 -0.00531841 0.0795325 0.149163
13.2746 5.89204 0.5134 -5.8798 -13.8003
6.344 2.53411 0.375659 -2.90496 -6.34965
2.29296 1.28499 -0.0567193 -0.93087 -2.59021
0.525333 0.551271 -0.156583 -0.131858 -0.787103
-5.97727 -1.93853 0.520827 2.61919 4.77379
-0.000227363 0.000707835 -0.000863712 0.000766405 -0.000813209
0.000544558 0.000731357 -0.000493862 -0.000120969 0.00112769
0.00111061 0.000887296 0.00104746 -0.00040729 0.000990327
-6.6963 -2.17631 0.650133 2.92496 5.29856
-0.000642963 -0.00131039 -0.000946431 0.000836214 0.000118954
0.801032 0.596664 -0.0889802 -0.274228 -1.03452
0.000638998 0.000996727 -0.000309063 0.000410457 -0.000134394
-3.01917 -0.980293 0.23223 1.32688 2.44049
0.00035901 0.000639384 -7.00942e-07 0.000486099 -0.000769963
0.000694021 0.000610118 -0.000954015 0.00110682 -0.000146097
0.00132901 0.0013518 0.000235914 -0.000676378 -0.000498489
-0.000364485 0.00105174 0.000935362 0.000976732 3.96784e-05
-0.000684684 -0.000722156 0.000243895 -7.77836e-05 0.00103261
0.00130611 -0.000524225 0.00123265 1.61206e-05 -0.000163144
0.000599183 -0.000406741 0.000148483 0.000270991 -7.66783e-05
2.14557 1.04868 -0.0619528 -0.892186 -2.23866
-0.757952 0.135115 -0.0952169 0.45218 0.268166
-0.0011566 0.000936461 -0.000246939 -0.000102191 -0.000780825
-5.43801 -0.928958 -0.105787 2.70006 3.77442
6.24311 3.08087 0.0689514 -2.65478 -6.73659
-1.61289 -0.419792 0.0203527 0.759164 1.25145
-0.000172114 -0.000229 -3.10874e-05 0.000878851 0.000314923

Bias: 
0 0 0 0.0407622 0 1.05539 0.600518 0 0 0 0.360387 0 0.254875 0.431127 0.244189 1.25249 0.952873 1.83378 0 0.00772867 0.0573236 0.0614544 0.00947682 2.08369 1.0836 0.223741 0.0123517 1.11741 0 -7.07478e-06 0 1.39154 0 0.0314477 0 0.495847 0 0 -0.000200909 0 0 0 -0.000338432 0.0987701 0.0485033 0 0.341341 0.819987 0.119534 0

-1.67648 -0.454434 3.27369 0.505572 -1.64834

End File