[-17.004638671875, -10.6614828109741, 2.77516555786133]::(250.0, 80.0, 143.0, 190.0)::(82.0, 10.0)->(0, 0)
[-16.6747303009033, -10.9209127426147, 3.0934579372406]::(250.0, 80.0, 143.0, 190.0)::(78.0, 10.0)->(0, 0)
[-16.7930011749268, -10.7551698684692, 2.87341928482056]::(250.0, 80.0, 143.0, 190.0)::(78.0, 10.0)->(0, 0)
[-16.1081867218018, -11.6783752441406, 2.66365146636963]::(250.0, 80.0, 143.0, 190.0)::(78.0, 10.0)->(0, 0)
[-16.4262580871582, -10.9401073455811, 2.77388215065002]::(250.0, 80.0, 143.0, 190.0)::(78.0, 10.0)->(0, 0)
[-16.5825443267822, -11.3326978683472, 2.91886448860168]::(250.0, 80.0, 143.0, 190.0)::(78.0, 10.0)->(0, 0)
[-16.7746810913086, -11.2265920639038, 3.08804273605347]::(250.0, 80.0, 143.0, 190.0)::(78.0, 10.0)->(0, 0)
[-16.5301246643066, -10.9690771102905, 2.85745716094971]::(250.0, 80.0, 143.0, 190.0)::(78.0, 10.0)->(0, 0)
[-16.3257827758789, -11.7719106674194, 3.02789783477783]::(250.0, 80.0, 143.0, 190.0)::(78.0, 10.0)->(0, 0)
[-16.6193218231201, -11.6379051208496, 3.18877482414246]::(250.0, 80.0, 143.0, 190.0)::(78.0, 10.0)->(0, 0)
[-16.777271270752, -10.9614953994751, 3.10919308662415]::(250.0, 80.0, 143.0, 190.0)::(78.0, 10.0)->(0, 0)
[-17.3686637878418, -11.3319845199585, 3.28612661361694]::(250.0, 80.0, 143.0, 190.0)::(78.0, 10.0)->(0, 0)
[-15.8866424560547, -12.0822162628174, 3.048091173172]::(250.0, 80.0, 143.0, 190.0)::(78.0, 10.0)->(0, 0)
[-17.2148532867432, -10.5178241729736, 3.01241302490234]::(250.0, 80.0, 143.0, 190.0)::(78.0, 10.0)->(0, 0)
[-17.4579944610596, -11.2168121337891, 3.24418640136719]::(250.0, 80.0, 143.0, 190.0)::(78.0, 10.0)->(0, 0)
[-16.0280151367188, -11.5136671066284, 3.12720012664795]::(250.0, 80.0, 143.0, 190.0)::(78.0, 10.0)->(0, 0)
[-16.7548980712891, -11.1413679122925, 2.8110294342041]::(250.0, 80.0, 143.0, 190.0)::(78.0, 10.0)->(0, 0)
[-17.06471824646, -10.5637674331665, 2.86181211471558]::(250.0, 80.0, 143.0, 190.0)::(78.0, 10.0)->(0, 0)
[-16.2360019683838, -11.5179414749146, 3.0695264339447]::(250.0, 80.0, 143.0, 190.0)::(78.0, 10.0)->(0, 0)
[-16.6153964996338, -10.9449415206909, 2.9730167388916]::(250.0, 80.0, 143.0, 190.0)::(78.0, 10.0)->(0, 0)
[-16.3232612609863, -12.0062484741211, 3.251788854599]::(250.0, 80.0, 143.0, 190.0)::(78.0, 10.0)->(0, 0)
[-16.6943397521973, -10.6378679275513, 2.68007493019104]::(250.0, 80.0, 143.0, 190.0)::(78.0, 10.0)->(0, 0)
[-17.0385055541992, -10.6538534164429, 2.87299299240112]::(250.0, 80.0, 143.0, 190.0)::(82.0, 10.0)->(0, 0)
[-16.5337371826172, -11.6193399429321, 2.93977975845337]::(250.0, 80.0, 143.0, 190.0)::(78.0, 10.0)->(0, 0)
[-16.2795543670654, -10.6018524169922, 2.66970992088318]::(250.0, 80.0, 143.0, 190.0)::(82.0, 10.0)->(0, 0)
[-16.8117256164551, -11.587908744812, 2.89777612686157]::(250.0, 80.0, 143.0, 190.0)::(82.0, 10.0)->(0, 0)
[-16.3316669464111, -11.7846994400024, 2.7695460319519]::(250.0, 80.0, 143.0, 190.0)::(82.0, 10.0)->(0, 0)
[-16.5927314758301, -10.6409568786621, 2.72791433334351]::(250.0, 80.0, 143.0, 190.0)::(82.0, 10.0)->(0, 0)
[-16.1983070373535, -11.6528291702271, 2.96380043029785]::(250.0, 80.0, 143.0, 190.0)::(82.0, 10.0)->(0, 0)
[-17.1232585906982, -11.0312385559082, 2.87188363075256]::(250.0, 80.0, 143.0, 190.0)::(85.0, 10.0)->(0, 0)
[-16.970064163208, -11.2417793273926, 3.01265668869019]::(250.0, 80.0, 143.0, 190.0)::(82.0, 10.0)->(0, 0)
[-16.5723609924316, -10.7950458526611, 2.80436992645264]::(250.0, 80.0, 143.0, 190.0)::(85.0, 10.0)->(0, 0)
[-16.1186103820801, -10.8195819854736, 2.66234397888184]::(250.0, 80.0, 143.0, 190.0)::(85.0, 10.0)->(0, 0)
[-17.11061668396, -10.773588180542, 2.93983030319214]::(250.0, 80.0, 143.0, 190.0)::(85.0, 10.0)->(0, 0)
[-16.4436378479004, -11.0586776733398, 2.89337515830994]::(250.0, 80.0, 143.0, 190.0)::(85.0, 10.0)->(0, 0)
[-17.3249549865723, -10.5862331390381, 2.68979716300964]::(250.0, 80.0, 143.0, 190.0)::(85.0, 10.0)->(0, 0)
[-17.6443672180176, -10.7735567092896, 3.03838896751404]::(250.0, 80.0, 143.0, 190.0)::(89.0, 10.0)->(0, 0)
[-17.0441837310791, -11.719386100769, 3.11602401733398]::(250.0, 80.0, 143.0, 190.0)::(85.0, 10.0)->(0, 0)
[-16.7088069915771, -10.4586124420166, 2.8969361782074]::(250.0, 80.0, 143.0, 190.0)::(85.0, 10.0)->(0, 0)
[-17.4246349334717, -10.8020935058594, 3.00006318092346]::(250.0, 80.0, 143.0, 190.0)::(89.0, 10.0)->(0, 0)
[-16.1066665649414, -10.6177444458008, 2.88804864883423]::(250.0, 80.0, 143.0, 190.0)::(85.0, 10.0)->(0, 0)
[-17.0091323852539, -11.0785999298096, 2.94147253036499]::(250.0, 80.0, 143.0, 190.0)::(85.0, 10.0)->(0, 0)
[-16.8338661193848, -11.1053466796875, 3.11197280883789]::(250.0, 80.0, 143.0, 190.0)::(85.0, 10.0)->(0, 0)
[-16.404447555542, -11.1680564880371, 2.85477137565613]::(250.0, 80.0, 143.0, 190.0)::(85.0, 10.0)->(0, 0)
[-16.4001293182373, -10.6748924255371, 2.79389071464539]::(250.0, 80.0, 143.0, 190.0)::(82.0, 10.0)->(0, 0)
[-16.2717723846436, -11.232705116272, 2.93391060829163]::(250.0, 80.0, 143.0, 190.0)::(82.0, 10.0)->(0, 0)
[-16.2582187652588, -11.1494960784912, 2.97516989707947]::(250.0, 80.0, 143.0, 190.0)::(85.0, 10.0)->(0, 0)
[-16.1886138916016, -11.3728904724121, 2.96874070167542]::(250.0, 80.0, 143.0, 190.0)::(85.0, 10.0)->(0, 0)
[-16.9715385437012, -10.7007837295532, 2.83023285865784]::(250.0, 80.0, 143.0, 190.0)::(85.0, 10.0)->(0, 0)
[-16.5996341705322, -10.8650684356689, 2.74867558479309]::(250.0, 80.0, 143.0, 190.0)::(85.0, 10.0)->(0, 0)
[-16.7518901824951, -10.3202466964722, 2.79565763473511]::(250.0, 80.0, 143.0, 190.0)::(85.0, 10.0)->(0, 0)
[-16.8450965881348, -10.9633150100708, 2.86335563659668]::(250.0, 80.0, 143.0, 190.0)::(82.0, 10.0)->(0, 0)
[-16.6833381652832, -11.4155054092407, 2.58113026618958]::(250.0, 80.0, 143.0, 190.0)::(85.0, 10.0)->(0, 0)
[-16.6751251220703, -10.8415079116821, 2.763028383255]::(250.0, 80.0, 143.0, 190.0)::(85.0, 10.0)->(0, 0)
[-16.4465827941895, -10.4092044830322, 2.5017147064209]::(250.0, 80.0, 143.0, 190.0)::(78.0, 10.0)->(0, 0)
[-16.1895866394043, -11.1070737838745, 2.60648012161255]::(250.0, 80.0, 143.0, 190.0)::(82.0, 10.0)->(0, 0)
[-16.8324851989746, -11.6949014663696, 2.81105923652649]::(250.0, 80.0, 143.0, 190.0)::(82.0, 10.0)->(0, 0)
[-17.2015953063965, -10.9704608917236, 3.00121116638184]::(250.0, 80.0, 143.0, 190.0)::(82.0, 10.0)->(0, 0)
[-16.9425830841064, -11.2236347198486, 2.8497531414032]::(250.0, 80.0, 143.0, 190.0)::(82.0, 10.0)->(0, 0)
[-17.1337070465088, -10.9741773605347, 2.89985084533691]::(250.0, 80.0, 143.0, 190.0)::(82.0, 10.0)->(0, 0)
[-17.1777248382568, -10.8341178894043, 2.98862385749817]::(250.0, 80.0, 143.0, 190.0)::(82.0, 10.0)->(0, 0)
[-16.3138046264648, -10.9152383804321, 2.71687889099121]::(250.0, 80.0, 143.0, 190.0)::(82.0, 10.0)->(0, 0)
[-15.9179935455322, -10.8798036575317, 2.49244117736816]::(250.0, 80.0, 143.0, 190.0)::(85.0, 10.0)->(0, 0)
[-16.8832855224609, -10.1895132064819, 2.62912130355835]::(250.0, 80.0, 143.0, 190.0)::(89.0, 10.0)->(0, 0)
[-16.8583488464355, -10.7762432098389, 2.69306778907776]::(250.0, 80.0, 143.0, 190.0)::(89.0, 10.0)->(0, 0)
[-17.1516876220703, -10.5550727844238, 2.64702916145325]::(250.0, 80.0, 143.0, 190.0)::(85.0, 10.0)->(0, 0)
[-16.6902122497559, -10.9197454452515, 2.74610352516174]::(250.0, 80.0, 143.0, 190.0)::(85.0, 10.0)->(0, 0)
[-16.7477035522461, -11.0541372299194, 2.76663088798523]::(250.0, 80.0, 143.0, 190.0)::(85.0, 10.0)->(0, 0)
[-16.7028388977051, -10.5295991897583, 2.56435441970825]::(250.0, 80.0, 143.0, 190.0)::(89.0, 10.0)->(0, 0)
[-16.7590942382812, -10.5725212097168, 2.62745237350464]::(250.0, 80.0, 143.0, 190.0)::(85.0, 10.0)->(0, 0)
[-16.9794788360596, -10.8520374298096, 2.86047601699829]::(250.0, 80.0, 143.0, 190.0)::(89.0, 10.0)->(0, 0)
[-17.1436977386475, -10.5172595977783, 2.83672785758972]::(250.0, 80.0, 143.0, 190.0)::(89.0, 10.0)->(0, 0)
[-17.1064224243164, -10.1738452911377, 2.70763492584229]::(250.0, 80.0, 143.0, 190.0)::(89.0, 10.0)->(0, 0)
[-16.1968002319336, -10.5974369049072, 2.75784587860107]::(250.0, 80.0, 143.0, 190.0)::(89.0, 10.0)->(0, 0)
[-16.8225593566895, -10.6585741043091, 2.68642592430115]::(250.0, 80.0, 143.0, 190.0)::(89.0, 10.0)->(0, 0)
[-16.8195724487305, -11.1089696884155, 2.83119583129883]::(250.0, 80.0, 143.0, 190.0)::(89.0, 10.0)->(0, 0)
[-17.291332244873, -11.0251379013062, 2.88157391548157]::(250.0, 80.0, 143.0, 190.0)::(89.0, 10.0)->(0, 0)
[-17.2061920166016, -10.5631809234619, 2.80546140670776]::(250.0, 80.0, 143.0, 190.0)::(89.0, 10.0)->(0, 0)
[-17.2903175354004, -10.5380802154541, 2.85015392303467]::(250.0, 80.0, 143.0, 190.0)::(89.0, 10.0)->(0, 0)
[-17.2102718353271, -11.0330791473389, 2.86869645118713]::(250.0, 80.0, 143.0, 190.0)::(89.0, 10.0)->(0, 0)
[-16.539249420166, -10.1656475067139, 2.62320423126221]::(250.0, 80.0, 143.0, 190.0)::(89.0, 10.0)->(0, 0)
[-17.1439476013184, -11.2123556137085, 2.76420092582703]::(250.0, 80.0, 143.0, 190.0)::(89.0, 10.0)->(0, 0)
[-16.9218330383301, -10.7290802001953, 2.69671511650085]::(250.0, 80.0, 143.0, 190.0)::(89.0, 10.0)->(0, 0)
[-17.4783954620361, -10.736234664917, 2.81721687316895]::(250.0, 80.0, 143.0, 190.0)::(89.0, 10.0)->(0, 0)
[-17.129732131958, -10.5440073013306, 2.59710359573364]::(250.0, 80.0, 143.0, 190.0)::(85.0, 10.0)->(0, 0)
[-17.0362396240234, -10.5010662078857, 2.53374028205872]::(250.0, 80.0, 143.0, 190.0)::(85.0, 10.0)->(0, 0)
[-16.34375, -11.086742401123, 2.84302258491516]::(250.0, 80.0, 143.0, 190.0)::(85.0, 10.0)->(0, 0)
[-17.4520015716553, -10.812837600708, 2.8906364440918]::(250.0, 80.0, 143.0, 190.0)::(89.0, 10.0)->(0, 0)
[-16.822998046875, -11.2247734069824, 3.04514575004578]::(250.0, 80.0, 143.0, 190.0)::(89.0, 10.0)->(0, 0)
[-16.9572200775146, -11.0604839324951, 2.71567630767822]::(250.0, 80.0, 143.0, 190.0)::(92.0, 10.0)->(0, 0)
[-16.1641826629639, -10.7978239059448, 2.06516408920288]::(250.0, 80.0, 143.0, 190.0)::(110.0, 10.0)->(1, 0)
[-16.684757232666, -11.0017824172974, 2.08483695983887]::(250.0, 80.0, 143.0, 190.0)::(107.0, 10.0)->(1, 0)
[-16.7054100036621, -10.8386211395264, 2.24736094474792]::(250.0, 80.0, 143.0, 190.0)::(107.0, 10.0)->(1, 0)
[-16.6062774658203, -11.1944541931152, 2.08511638641357]::(250.0, 80.0, 143.0, 190.0)::(107.0, 10.0)->(1, 0)
[-16.671516418457, -11.4063568115234, 2.11839985847473]::(250.0, 80.0, 143.0, 190.0)::(107.0, 10.0)->(1, 0)
[-17.0341625213623, -10.3544006347656, 2.40660858154297]::(250.0, 80.0, 143.0, 190.0)::(107.0, 10.0)->(1, 0)
[-16.7368965148926, -10.7980422973633, 2.18717312812805]::(250.0, 80.0, 143.0, 190.0)::(107.0, 10.0)->(1, 0)
[-16.6337127685547, -9.79058933258057, 2.0589382648468]::(250.0, 80.0, 143.0, 190.0)::(107.0, 10.0)->(1, 0)
[-16.580150604248, -11.1134166717529, 2.34884548187256]::(250.0, 80.0, 143.0, 190.0)::(110.0, 10.0)->(1, 0)
[-15.9736013412476, -10.2893304824829, 2.20801639556885]::(250.0, 80.0, 143.0, 190.0)::(110.0, 10.0)->(1, 0)
[-16.3625068664551, -10.5264835357666, 2.10166931152344]::(250.0, 80.0, 143.0, 190.0)::(110.0, 10.0)->(1, 0)
[-17.430793762207, -10.5531187057495, 2.30588150024414]::(250.0, 80.0, 143.0, 190.0)::(110.0, 10.0)->(1, 0)
[-16.359504699707, -11.0466995239258, 2.27621746063232]::(250.0, 80.0, 143.0, 190.0)::(110.0, 10.0)->(1, 0)
[-17.8150978088379, -10.6817302703857, 2.35690474510193]::(250.0, 80.0, 143.0, 190.0)::(114.0, 10.0)->(1, 0)
[-16.6807136535645, -10.8693380355835, 2.30139327049255]::(250.0, 80.0, 143.0, 190.0)::(114.0, 10.0)->(1, 0)
[-17.0205936431885, -10.7936983108521, 2.24853134155273]::(250.0, 80.0, 143.0, 190.0)::(107.0, 10.0)->(1, 0)
[-17.8817749023438, -10.8835306167603, 2.5339789390564]::(250.0, 80.0, 143.0, 190.0)::(114.0, 10.0)->(1, 0)
[-17.0001964569092, -11.2226858139038, 2.44839072227478]::(250.0, 80.0, 143.0, 190.0)::(114.0, 10.0)->(1, 0)
[-16.765567779541, -10.7061672210693, 2.3431978225708]::(250.0, 80.0, 143.0, 190.0)::(114.0, 10.0)->(1, 0)
[-17.5363693237305, -10.7533416748047, 2.46535682678223]::(250.0, 80.0, 143.0, 190.0)::(114.0, 10.0)->(1, 0)
[-17.2356033325195, -10.7944030761719, 2.56395769119263]::(250.0, 80.0, 143.0, 190.0)::(114.0, 10.0)->(1, 0)
[-16.5359897613525, -10.6879415512085, 2.15231561660767]::(250.0, 80.0, 143.0, 190.0)::(114.0, 10.0)->(1, 0)
[-17.6370048522949, -10.9478006362915, 2.46097278594971]::(250.0, 80.0, 143.0, 190.0)::(114.0, 10.0)->(1, 0)
[-16.9805240631104, -10.5667142868042, 2.28593039512634]::(250.0, 80.0, 143.0, 190.0)::(110.0, 10.0)->(1, 0)
[-17.6403560638428, -10.8528022766113, 2.2870306968689]::(250.0, 80.0, 143.0, 190.0)::(110.0, 10.0)->(1, 0)
[-16.7982845306396, -11.7345943450928, 2.49925684928894]::(250.0, 80.0, 143.0, 190.0)::(114.0, 10.0)->(1, 0)
[-17.2031860351562, -10.5905742645264, 2.13813662528992]::(250.0, 80.0, 143.0, 190.0)::(114.0, 10.0)->(1, 0)
[-16.8446311950684, -10.8514986038208, 2.4134693145752]::(250.0, 80.0, 143.0, 190.0)::(114.0, 10.0)->(1, 0)
[-17.2969131469727, -10.7903060913086, 2.55774927139282]::(250.0, 80.0, 143.0, 190.0)::(114.0, 10.0)->(1, 0)
[-17.3971500396729, -10.9662017822266, 2.49145984649658]::(250.0, 80.0, 143.0, 190.0)::(114.0, 10.0)->(1, 0)
[-17.5254917144775, -10.3647794723511, 2.58594489097595]::(250.0, 80.0, 143.0, 190.0)::(114.0, 10.0)->(1, 0)
[-17.1275539398193, -11.2144927978516, 2.66053128242493]::(250.0, 80.0, 143.0, 190.0)::(114.0, 10.0)->(1, 0)
[-17.4756374359131, -10.2031927108765, 2.24471163749695]::(250.0, 80.0, 143.0, 190.0)::(96.0, 10.0)->(1, 0)
[-17.1290874481201, -11.2689256668091, 2.47026610374451]::(250.0, 80.0, 143.0, 190.0)::(96.0, 10.0)->(1, 0)
[-17.9425621032715, -10.0890922546387, 2.48845410346985]::(250.0, 80.0, 143.0, 190.0)::(96.0, 10.0)->(1, 0)
[-17.6770534515381, -10.822793006897, 2.49300980567932]::(250.0, 80.0, 143.0, 190.0)::(96.0, 10.0)->(1, 0)
[-16.8529243469238, -10.9660930633545, 2.35978937149048]::(250.0, 80.0, 143.0, 190.0)::(96.0, 10.0)->(1, 0)
[-17.162109375, -10.3515024185181, 2.46921873092651]::(250.0, 80.0, 143.0, 190.0)::(96.0, 10.0)->(1, 0)
[-17.2380027770996, -11.7654752731323, 2.49618577957153]::(250.0, 80.0, 143.0, 190.0)::(92.0, 10.0)->(1, 0)
[-16.730770111084, -11.1520576477051, 2.39487981796265]::(250.0, 80.0, 143.0, 190.0)::(92.0, 10.0)->(1, 0)
[-17.3028984069824, -11.2189159393311, 2.27483749389648]::(250.0, 80.0, 143.0, 190.0)::(92.0, 10.0)->(1, 0)
[-17.1918907165527, -10.8728141784668, 2.3316867351532]::(250.0, 80.0, 143.0, 190.0)::(92.0, 10.0)->(1, 0)
[-16.572639465332, -11.0134792327881, 2.42111659049988]::(250.0, 80.0, 143.0, 190.0)::(92.0, 10.0)->(1, 0)
[-17.7208633422852, -11.2805852890015, 2.45361423492432]::(250.0, 80.0, 143.0, 190.0)::(88.0, 10.0)->(1, 0)
[-16.7662010192871, -10.4567651748657, 2.05604362487793]::(250.0, 80.0, 143.0, 190.0)::(88.0, 10.0)->(1, 0)
[-17.9313411712646, -11.048394203186, 2.46479034423828]::(250.0, 80.0, 143.0, 190.0)::(88.0, 10.0)->(1, 0)
[-16.0913829803467, -11.3231153488159, 2.29901957511902]::(250.0, 80.0, 143.0, 190.0)::(88.0, 10.0)->(1, 0)
[-16.7044467926025, -11.259635925293, 2.35177326202393]::(250.0, 80.0, 143.0, 190.0)::(88.0, 10.0)->(1, 0)
[-16.6398582458496, -11.4417781829834, 2.39616179466248]::(250.0, 80.0, 143.0, 190.0)::(88.0, 10.0)->(1, 0)
[-16.3877239227295, -10.6903343200684, 2.21508121490479]::(250.0, 80.0, 143.0, 190.0)::(88.0, 10.0)->(1, 0)
[-17.3686122894287, -11.0035705566406, 2.43523764610291]::(250.0, 80.0, 143.0, 190.0)::(92.0, 10.0)->(1, 0)
[-16.9310722351074, -10.677074432373, 2.24960255622864]::(250.0, 80.0, 143.0, 190.0)::(92.0, 10.0)->(1, 0)
[-16.9664840698242, -10.3666620254517, 2.28107237815857]::(250.0, 80.0, 143.0, 190.0)::(92.0, 10.0)->(1, 0)
[-17.3497104644775, -10.0879764556885, 2.09874129295349]::(250.0, 80.0, 143.0, 190.0)::(92.0, 10.0)->(1, 0)
[-17.2213172912598, -11.2498731613159, 2.41167807579041]::(250.0, 80.0, 143.0, 190.0)::(92.0, 10.0)->(1, 0)
[-16.6200313568115, -10.7798414230347, 2.34943985939026]::(250.0, 80.0, 143.0, 190.0)::(92.0, 10.0)->(1, 0)
[-16.836784362793, -10.4036302566528, 2.15907716751099]::(250.0, 80.0, 143.0, 190.0)::(92.0, 10.0)->(1, 0)
[-16.9836292266846, -10.8220624923706, 2.43510007858276]::(250.0, 80.0, 143.0, 190.0)::(92.0, 10.0)->(1, 0)
[-17.5936031341553, -10.991870880127, 2.28379988670349]::(250.0, 80.0, 143.0, 190.0)::(92.0, 10.0)->(1, 0)
[-17.6012916564941, -10.9213724136353, 2.44366979598999]::(250.0, 80.0, 143.0, 190.0)::(92.0, 10.0)->(1, 0)
[-17.0264434814453, -11.2148771286011, 2.3729727268219]::(250.0, 80.0, 143.0, 190.0)::(92.0, 10.0)->(1, 0)
[-16.1331233978271, -10.7739992141724, 1.97745800018311]::(250.0, 80.0, 143.0, 190.0)::(92.0, 10.0)->(1, 0)
[-16.4974670410156, -11.2414131164551, 2.18879437446594]::(250.0, 80.0, 143.0, 190.0)::(92.0, 10.0)->(1, 0)
[-17.8599758148193, -10.5767402648926, 2.13208365440369]::(250.0, 80.0, 143.0, 190.0)::(96.0, 10.0)->(1, 0)
[-17.6560745239258, -10.5396041870117, 2.31206607818604]::(250.0, 80.0, 143.0, 190.0)::(96.0, 10.0)->(1, 0)
[-17.1651840209961, -10.8715362548828, 2.3089382648468]::(250.0, 80.0, 143.0, 190.0)::(96.0, 10.0)->(1, 0)
[-17.7552356719971, -10.42138671875, 2.39055299758911]::(250.0, 80.0, 143.0, 190.0)::(96.0, 10.0)->(1, 0)
[-17.2034015655518, -10.3185348510742, 2.25965523719788]::(250.0, 80.0, 143.0, 190.0)::(96.0, 10.0)->(1, 0)
[-17.5581245422363, -10.4877882003784, 2.24490785598755]::(250.0, 80.0, 143.0, 190.0)::(96.0, 10.0)->(1, 0)
[-17.0802116394043, -10.7603340148926, 2.09032797813416]::(250.0, 80.0, 143.0, 190.0)::(96.0, 10.0)->(1, 0)
[-16.7825965881348, -10.6546897888184, 2.25892567634583]::(250.0, 80.0, 143.0, 190.0)::(96.0, 10.0)->(1, 0)
[-17.3120365142822, -11.1137742996216, 2.34233236312866]::(250.0, 80.0, 143.0, 190.0)::(96.0, 10.0)->(1, 0)
[-16.8650341033936, -11.1005592346191, 2.16390085220337]::(250.0, 80.0, 143.0, 190.0)::(96.0, 10.0)->(1, 0)
[-16.7141590118408, -11.0722465515137, 2.24184226989746]::(250.0, 80.0, 143.0, 190.0)::(92.0, 10.0)->(1, 0)
[-17.5405349731445, -10.6795806884766, 2.21382164955139]::(250.0, 80.0, 143.0, 190.0)::(92.0, 10.0)->(1, 0)
[-16.6396312713623, -11.1340217590332, 2.01222133636475]::(250.0, 80.0, 143.0, 190.0)::(96.0, 10.0)->(1, 0)
[-18.1193370819092, -10.934476852417, 2.35751247406006]::(250.0, 80.0, 143.0, 190.0)::(96.0, 10.0)->(1, 0)
[-17.564697265625, -10.2000570297241, 2.33786129951477]::(250.0, 80.0, 143.0, 190.0)::(96.0, 10.0)->(1, 0)
[-17.6356735229492, -11.0518751144409, 2.1865382194519]::(250.0, 80.0, 143.0, 190.0)::(96.0, 10.0)->(1, 0)
[-17.4346542358398, -10.6656579971313, 2.18205189704895]::(250.0, 80.0, 143.0, 190.0)::(96.0, 10.0)->(1, 0)
[-17.8613471984863, -10.3747406005859, 2.32036590576172]::(250.0, 80.0, 143.0, 190.0)::(96.0, 10.0)->(1, 0)
[-17.551513671875, -10.7132549285889, 2.54493761062622]::(250.0, 80.0, 143.0, 190.0)::(96.0, 10.0)->(1, 0)
[-17.2479667663574, -11.1231641769409, 2.47194600105286]::(250.0, 80.0, 143.0, 190.0)::(92.0, 10.0)->(1, 0)
[-16.8865528106689, -10.7072057723999, 2.09848141670227]::(250.0, 80.0, 143.0, 190.0)::(96.0, 10.0)->(1, 0)
[-17.4303283691406, -10.1594324111938, 2.28534770011902]::(250.0, 80.0, 143.0, 190.0)::(96.0, 10.0)->(1, 0)
[-17.6719989776611, -10.8969202041626, 2.25116801261902]::(250.0, 80.0, 143.0, 190.0)::(96.0, 10.0)->(1, 0)
[-17.7611122131348, -10.8746004104614, 2.37884712219238]::(250.0, 80.0, 143.0, 190.0)::(96.0, 10.0)->(1, 0)
[-16.7918395996094, -10.6455183029175, 1.9619038105011]::(250.0, 80.0, 143.0, 190.0)::(96.0, 10.0)->(1, 0)
[-16.6287117004395, -11.5865211486816, 2.23303961753845]::(250.0, 80.0, 143.0, 190.0)::(96.0, 10.0)->(1, 0)
[-16.8052234649658, -11.0735807418823, 2.0517566204071]::(250.0, 80.0, 143.0, 190.0)::(96.0, 10.0)->(1, 0)
[-16.5624504089355, -10.6081972122192, 1.8729567527771]::(253.0, 80.0, 142.0, 189.0)::(117.0, 10.0)->(2, 0)
[-17.300220489502, -10.9345035552979, 1.66447293758392]::(253.0, 80.0, 142.0, 189.0)::(114.0, 10.0)->(2, 0)
[-17.1421775817871, -10.433256149292, 2.08138179779053]::(253.0, 80.0, 142.0, 189.0)::(114.0, 10.0)->(2, 0)
[-17.9358787536621, -10.624626159668, 2.05201816558838]::(253.0, 80.0, 142.0, 189.0)::(114.0, 10.0)->(2, 0)
[-17.4724216461182, -10.6345720291138, 2.02178192138672]::(253.0, 80.0, 142.0, 189.0)::(114.0, 10.0)->(2, 0)
[-17.5393905639648, -11.4388608932495, 1.94271516799927]::(253.0, 80.0, 142.0, 189.0)::(114.0, 10.0)->(2, 0)
[-17.3098201751709, -10.64928150177, 1.99568843841553]::(253.0, 80.0, 142.0, 189.0)::(121.0, 10.0)->(2, 0)
[-16.9793033599854, -10.4486474990845, 1.91624593734741]::(253.0, 80.0, 142.0, 189.0)::(114.0, 10.0)->(2, 0)
[-17.274787902832, -10.5566530227661, 1.93738079071045]::(253.0, 80.0, 142.0, 189.0)::(114.0, 10.0)->(2, 0)
[-17.3861808776855, -10.8898372650146, 1.90574705600739]::(253.0, 80.0, 142.0, 189.0)::(114.0, 10.0)->(2, 0)
[-16.3646011352539, -10.1479787826538, 1.58888185024261]::(253.0, 80.0, 142.0, 189.0)::(114.0, 10.0)->(2, 0)
[-16.3751678466797, -10.5003757476807, 1.59320533275604]::(253.0, 80.0, 142.0, 189.0)::(117.0, 10.0)->(2, 0)
[-17.3860454559326, -10.306450843811, 1.91280853748322]::(253.0, 80.0, 142.0, 189.0)::(117.0, 10.0)->(2, 0)
[-16.7333545684814, -10.2326927185059, 1.50468015670776]::(253.0, 80.0, 142.0, 189.0)::(117.0, 10.0)->(2, 0)
[-17.0301151275635, -10.5347032546997, 1.88282132148743]::(253.0, 80.0, 142.0, 189.0)::(117.0, 10.0)->(2, 0)
[-16.8585872650146, -10.6085376739502, 1.71828150749207]::(253.0, 80.0, 142.0, 189.0)::(114.0, 10.0)->(2, 0)
[-16.2035503387451, -10.5666608810425, 1.76103281974792]::(253.0, 80.0, 142.0, 189.0)::(114.0, 10.0)->(2, 0)
[-17.8868560791016, -10.8498153686523, 2.12438678741455]::(253.0, 80.0, 142.0, 189.0)::(117.0, 10.0)->(2, 0)
[-16.7910938262939, -10.31822681427, 1.62965023517609]::(253.0, 80.0, 142.0, 189.0)::(117.0, 10.0)->(2, 0)
[-16.9054527282715, -11.0293264389038, 1.94205093383789]::(253.0, 80.0, 142.0, 189.0)::(117.0, 10.0)->(2, 0)
[-17.3368492126465, -10.6077518463135, 1.88204288482666]::(253.0, 80.0, 142.0, 189.0)::(121.0, 10.0)->(2, 0)
[-17.3762340545654, -10.4213027954102, 1.95647120475769]::(253.0, 80.0, 142.0, 189.0)::(117.0, 10.0)->(2, 0)
[-16.8090877532959, -10.3183660507202, 1.65699446201324]::(253.0, 80.0, 142.0, 189.0)::(117.0, 10.0)->(2, 0)
[-16.5836219787598, -10.0388689041138, 1.70172107219696]::(253.0, 80.0, 142.0, 189.0)::(114.0, 10.0)->(2, 0)
[-17.1271915435791, -10.1048622131348, 1.86787259578705]::(253.0, 80.0, 142.0, 189.0)::(114.0, 10.0)->(2, 0)
[-17.3874645233154, -10.5589437484741, 1.9327085018158]::(253.0, 80.0, 142.0, 189.0)::(117.0, 10.0)->(2, 0)
[-16.5806999206543, -10.3258066177368, 1.91628324985504]::(253.0, 80.0, 142.0, 189.0)::(110.0, 10.0)->(2, 0)
[-16.4489574432373, -10.6279058456421, 2.13356161117554]::(253.0, 80.0, 142.0, 189.0)::(110.0, 10.0)->(2, 0)
[-16.9165019989014, -10.5952177047729, 2.06532573699951]::(253.0, 80.0, 142.0, 189.0)::(114.0, 10.0)->(2, 0)
[-17.0461082458496, -11.0093393325806, 2.17207169532776]::(253.0, 80.0, 142.0, 189.0)::(114.0, 10.0)->(2, 0)
[-16.5874252319336, -10.7584915161133, 1.97702431678772]::(253.0, 80.0, 142.0, 189.0)::(117.0, 10.0)->(2, 0)
[-16.443395614624, -10.8090152740479, 1.99640834331512]::(253.0, 80.0, 142.0, 189.0)::(117.0, 10.0)->(2, 0)
[-16.5066967010498, -10.7900924682617, 2.07838797569275]::(253.0, 80.0, 142.0, 189.0)::(117.0, 10.0)->(2, 0)
[-16.7420959472656, -10.5489721298218, 1.83013892173767]::(253.0, 80.0, 142.0, 189.0)::(114.0, 10.0)->(2, 0)
[-17.1869506835938, -11.2615823745728, 2.2728533744812]::(253.0, 80.0, 142.0, 189.0)::(114.0, 10.0)->(2, 0)
[-17.4541454315186, -10.3345060348511, 1.91871345043182]::(253.0, 80.0, 142.0, 189.0)::(114.0, 10.0)->(2, 0)
[-17.3425846099854, -10.1505069732666, 2.11190605163574]::(253.0, 80.0, 142.0, 189.0)::(114.0, 10.0)->(2, 0)
[-17.6054096221924, -10.1270742416382, 2.0335967540741]::(253.0, 80.0, 142.0, 189.0)::(121.0, 10.0)->(2, 0)
[-17.736743927002, -10.2795267105103, 1.85551679134369]::(253.0, 80.0, 142.0, 189.0)::(121.0, 10.0)->(2, 0)
[-17.3952980041504, -10.4321298599243, 2.15433192253113]::(253.0, 80.0, 142.0, 189.0)::(117.0, 10.0)->(2, 0)
[-16.9509906768799, -10.7031850814819, 1.94860708713531]::(253.0, 80.0, 142.0, 189.0)::(117.0, 10.0)->(2, 0)
[-16.4940795898438, -10.2228507995605, 2.02643871307373]::(253.0, 80.0, 142.0, 189.0)::(117.0, 10.0)->(2, 0)
[-16.4278450012207, -10.0854568481445, 1.72850739955902]::(253.0, 80.0, 142.0, 189.0)::(117.0, 10.0)->(2, 0)
[-17.0305480957031, -10.9939594268799, 1.79412162303925]::(253.0, 80.0, 142.0, 189.0)::(114.0, 10.0)->(2, 0)
[-16.9858074188232, -10.4727249145508, 1.96144425868988]::(253.0, 80.0, 142.0, 189.0)::(117.0, 10.0)->(2, 0)
[-16.8395767211914, -10.8808813095093, 2.22589135169983]::(253.0, 80.0, 142.0, 189.0)::(117.0, 10.0)->(2, 0)
[-16.8107604980469, -10.3806715011597, 1.96852946281433]::(253.0, 80.0, 142.0, 189.0)::(117.0, 10.0)->(2, 0)
[-17.0654640197754, -10.080418586731, 1.86506450176239]::(253.0, 80.0, 142.0, 189.0)::(117.0, 10.0)->(2, 0)
[-17.1657867431641, -10.5671110153198, 1.83810639381409]::(253.0, 80.0, 142.0, 189.0)::(114.0, 10.0)->(2, 0)
[-17.8773803710938, -9.84075355529785, 1.81806123256683]::(253.0, 80.0, 142.0, 189.0)::(114.0, 10.0)->(2, 0)
[-18.2067623138428, -10.3824062347412, 1.69884634017944]::(253.0, 80.0, 142.0, 189.0)::(114.0, 10.0)->(2, 0)
[-16.6245498657227, -10.6811447143555, 1.8996434211731]::(253.0, 80.0, 142.0, 189.0)::(114.0, 10.0)->(2, 0)
[-16.8276062011719, -10.4724636077881, 1.97176694869995]::(253.0, 80.0, 142.0, 189.0)::(114.0, 10.0)->(2, 0)
[-17.7833805084229, -10.5250244140625, 2.16672801971436]::(253.0, 80.0, 142.0, 189.0)::(114.0, 10.0)->(2, 0)
[-17.0227565765381, -10.6264181137085, 2.05378842353821]::(253.0, 80.0, 142.0, 189.0)::(114.0, 10.0)->(2, 0)
[-17.7453002929688, -10.4297666549683, 2.14368510246277]::(253.0, 80.0, 142.0, 189.0)::(110.0, 10.0)->(2, 0)
[-16.7953853607178, -10.5511445999146, 1.85364699363708]::(253.0, 80.0, 142.0, 189.0)::(110.0, 10.0)->(2, 0)
[-16.9589920043945, -10.2895412445068, 1.72727108001709]::(253.0, 80.0, 142.0, 189.0)::(114.0, 10.0)->(2, 0)
[-17.114875793457, -10.8102350234985, 1.85978436470032]::(253.0, 80.0, 142.0, 189.0)::(110.0, 10.0)->(2, 0)
[-17.0593948364258, -11.0264644622803, 1.9352867603302]::(253.0, 80.0, 142.0, 189.0)::(107.0, 10.0)->(2, 0)
[-16.8372688293457, -10.4267349243164, 2.13658118247986]::(253.0, 80.0, 142.0, 189.0)::(110.0, 10.0)->(2, 0)
[-17.16943359375, -10.3220329284668, 1.84148561954498]::(253.0, 80.0, 142.0, 189.0)::(110.0, 10.0)->(2, 0)
[-16.8395080566406, -10.1384677886963, 2.05162262916565]::(253.0, 80.0, 142.0, 189.0)::(110.0, 10.0)->(2, 0)
[-16.7977027893066, -10.2142858505249, 2.05067443847656]::(253.0, 80.0, 142.0, 189.0)::(107.0, 10.0)->(2, 0)
[-16.4884243011475, -10.8957891464233, 1.86660492420197]::(253.0, 80.0, 142.0, 189.0)::(107.0, 10.0)->(2, 0)
[-16.1983757019043, -10.4213886260986, 1.62169361114502]::(253.0, 80.0, 142.0, 189.0)::(107.0, 10.0)->(2, 0)
[-16.0578632354736, -10.0950050354004, 1.69123733043671]::(253.0, 80.0, 142.0, 189.0)::(103.0, 10.0)->(2, 0)
[-17.0694427490234, -11.4456157684326, 1.95943701267242]::(246.0, 77.0, 151.0, 201.0)::(103.0, 10.0)->(2, 0)
[-16.9144744873047, -10.5327291488647, 1.9050372838974]::(246.0, 77.0, 151.0, 201.0)::(103.0, 10.0)->(2, 0)
[-16.4742622375488, -11.0173997879028, 1.96372020244598]::(246.0, 77.0, 151.0, 201.0)::(103.0, 10.0)->(2, 0)
[-16.9003562927246, -10.6288528442383, 1.84433341026306]::(246.0, 77.0, 151.0, 201.0)::(103.0, 10.0)->(2, 0)
[-16.5743732452393, -10.8886747360229, 1.89292275905609]::(246.0, 77.0, 151.0, 201.0)::(100.0, 10.0)->(2, 0)
[-16.3081302642822, -11.0339097976685, 1.71521544456482]::(246.0, 77.0, 151.0, 201.0)::(100.0, 10.0)->(2, 0)
[-15.6358604431152, -10.7329225540161, 1.47008490562439]::(246.0, 77.0, 151.0, 201.0)::(103.0, 10.0)->(2, 0)
[-16.3817100524902, -10.2894630432129, 1.68978023529053]::(246.0, 77.0, 151.0, 201.0)::(103.0, 10.0)->(2, 0)
[-16.1711483001709, -10.7773675918579, 1.58217656612396]::(246.0, 77.0, 151.0, 201.0)::(103.0, 10.0)->(2, 0)
[-15.8718214035034, -11.1006050109863, 1.82803905010223]::(246.0, 77.0, 151.0, 201.0)::(100.0, 10.0)->(2, 0)
[-16.1288719177246, -11.090799331665, 1.78707909584045]::(251.0, 82.0, 143.0, 190.0)::(103.0, 10.0)->(2, 0)
[-15.8264789581299, -10.6479415893555, 1.53395020961761]::(251.0, 82.0, 143.0, 190.0)::(103.0, 10.0)->(2, 0)
[-16.4869766235352, -11.1150064468384, 1.87857186794281]::(251.0, 82.0, 143.0, 190.0)::(103.0, 10.0)->(2, 0)
[-16.1588821411133, -10.9310417175293, 1.63372683525085]::(251.0, 82.0, 143.0, 190.0)::(107.0, 10.0)->(2, 0)
[-16.6388416290283, -10.41037940979, 1.61008203029633]::(251.0, 82.0, 143.0, 190.0)::(107.0, 10.0)->(2, 0)
[-16.2670783996582, -11.0645885467529, 1.78894317150116]::(251.0, 82.0, 143.0, 190.0)::(103.0, 10.0)->(2, 0)
[-16.736759185791, -10.6852140426636, 1.75298511981964]::(251.0, 82.0, 143.0, 190.0)::(103.0, 10.0)->(2, 0)
[-16.270076751709, -10.7347984313965, 1.66678667068481]::(251.0, 82.0, 143.0, 190.0)::(103.0, 10.0)->(2, 0)
[-16.308931350708, -10.9410381317139, 1.57364535331726]::(251.0, 82.0, 143.0, 190.0)::(103.0, 10.0)->(2, 0)
[-15.9687452316284, -11.0238552093506, 1.54997301101685]::(251.0, 82.0, 143.0, 190.0)::(103.0, 10.0)->(2, 0)
[-16.0128364562988, -10.8531513214111, 1.70843887329102]::(251.0, 82.0, 143.0, 190.0)::(103.0, 10.0)->(2, 0)
[-16.5730953216553, -10.76828956604, 1.79086327552795]::(251.0, 82.0, 143.0, 190.0)::(103.0, 10.0)->(2, 0)
[-16.0947952270508, -11.3380155563354, 1.65691924095154]::(251.0, 82.0, 143.0, 190.0)::(103.0, 10.0)->(2, 0)
[-16.069694519043, -10.9462375640869, 1.84577751159668]::(251.0, 80.0, 147.0, 196.0)::(117.0, 10.0)->(3, 0)
[-15.4415531158447, -11.4880619049072, 1.7217538356781]::(251.0, 80.0, 147.0, 196.0)::(117.0, 10.0)->(3, 0)
[-16.6301612854004, -11.5261087417603, 1.95754206180573]::(251.0, 80.0, 147.0, 196.0)::(117.0, 10.0)->(3, 0)
[-16.0067310333252, -11.164927482605, 1.55822944641113]::(251.0, 80.0, 147.0, 196.0)::(113.0, 10.0)->(3, 0)
[-16.4263973236084, -10.616982460022, 1.5332692861557]::(251.0, 80.0, 147.0, 196.0)::(120.0, 10.0)->(3, 0)
[-16.1828308105469, -11.2414693832397, 1.38600468635559]::(251.0, 80.0, 147.0, 196.0)::(120.0, 10.0)->(3, 0)
[-15.7362594604492, -10.9071140289307, 1.58681404590607]::(251.0, 80.0, 147.0, 196.0)::(117.0, 10.0)->(3, 0)
[-16.5268287658691, -11.8375043869019, 1.90060687065125]::(251.0, 80.0, 147.0, 196.0)::(120.0, 10.0)->(3, 0)
[-16.2084217071533, -11.331880569458, 1.69685351848602]::(251.0, 80.0, 147.0, 196.0)::(120.0, 10.0)->(3, 0)
[-16.2330379486084, -11.5932683944702, 1.74259495735168]::(251.0, 80.0, 147.0, 196.0)::(117.0, 10.0)->(3, 0)
[-17.0906562805176, -11.704402923584, 1.89999115467072]::(251.0, 80.0, 147.0, 196.0)::(113.0, 10.0)->(3, 0)
[-16.0963153839111, -11.29762840271, 1.53850424289703]::(251.0, 80.0, 147.0, 196.0)::(113.0, 10.0)->(3, 0)
[-16.5636901855469, -12.0853338241577, 1.73081243038177]::(251.0, 80.0, 147.0, 196.0)::(110.0, 10.0)->(3, 0)
[-15.7689838409424, -11.4538154602051, 1.68161869049072]::(251.0, 80.0, 147.0, 196.0)::(117.0, 10.0)->(3, 0)
[-15.7174558639526, -11.8415584564209, 1.64528608322144]::(251.0, 80.0, 147.0, 196.0)::(117.0, 10.0)->(3, 0)
[-15.5486726760864, -11.5496025085449, 1.58124530315399]::(251.0, 80.0, 147.0, 196.0)::(120.0, 10.0)->(3, 0)
[-15.8151941299438, -11.6750392913818, 1.45781016349792]::(251.0, 80.0, 147.0, 196.0)::(117.0, 10.0)->(3, 0)
[-16.1509494781494, -11.5791673660278, 1.51102352142334]::(251.0, 80.0, 147.0, 196.0)::(113.0, 10.0)->(3, 0)
[-16.0145816802979, -11.7181072235107, 1.49202823638916]::(251.0, 80.0, 147.0, 196.0)::(117.0, 10.0)->(3, 0)
[-15.7878217697144, -11.8593006134033, 1.58268129825592]::(251.0, 80.0, 147.0, 196.0)::(117.0, 10.0)->(3, 0)
[-16.2197761535645, -11.7266387939453, 1.63788330554962]::(251.0, 80.0, 147.0, 196.0)::(117.0, 10.0)->(3, 0)
[-15.8287725448608, -11.380331993103, 1.35793697834015]::(251.0, 80.0, 147.0, 196.0)::(113.0, 10.0)->(3, 0)
[-16.3538722991943, -10.964768409729, 1.425989985466]::(251.0, 80.0, 147.0, 196.0)::(113.0, 10.0)->(3, 0)
[-16.7034854888916, -11.9027996063232, 1.6948469877243]::(251.0, 80.0, 147.0, 196.0)::(117.0, 10.0)->(3, 0)
[-17.1194477081299, -10.6966934204102, 1.35869288444519]::(251.0, 80.0, 147.0, 196.0)::(117.0, 10.0)->(3, 0)
[-17.0132617950439, -11.3019123077393, 1.3831524848938]::(251.0, 80.0, 147.0, 196.0)::(120.0, 10.0)->(3, 0)
[-16.1488170623779, -11.1572904586792, 1.49009382724762]::(251.0, 80.0, 147.0, 196.0)::(124.0, 10.0)->(3, 0)
[-16.8145389556885, -11.4040288925171, 1.57637512683868]::(251.0, 80.0, 147.0, 196.0)::(124.0, 10.0)->(3, 0)
[-16.3438148498535, -11.2575416564941, 1.56374156475067]::(251.0, 80.0, 147.0, 196.0)::(117.0, 10.0)->(3, 0)
[-16.7434749603271, -11.2620334625244, 1.39394235610962]::(251.0, 80.0, 147.0, 196.0)::(117.0, 10.0)->(3, 0)
[-16.2482051849365, -11.6801986694336, 1.53193593025208]::(251.0, 80.0, 147.0, 196.0)::(117.0, 10.0)->(3, 0)
[-16.9353561401367, -10.7714014053345, 1.30932140350342]::(251.0, 80.0, 147.0, 196.0)::(120.0, 10.0)->(3, 0)
[-16.8840274810791, -10.931941986084, 1.66061472892761]::(251.0, 80.0, 147.0, 196.0)::(124.0, 10.0)->(3, 0)
[-16.8283882141113, -11.3902349472046, 1.71097099781036]::(251.0, 80.0, 147.0, 196.0)::(120.0, 10.0)->(3, 0)
[-17.0632801055908, -11.7770719528198, 1.73594725131989]::(251.0, 80.0, 147.0, 196.0)::(120.0, 10.0)->(3, 0)
[-16.985652923584, -11.2834339141846, 1.6011620759964]::(251.0, 80.0, 147.0, 196.0)::(120.0, 10.0)->(3, 0)
[-16.5575180053711, -11.2830438613892, 1.37526917457581]::(251.0, 80.0, 147.0, 196.0)::(120.0, 10.0)->(3, 0)
[-16.7873935699463, -11.4424352645874, 1.6530442237854]::(251.0, 80.0, 147.0, 196.0)::(120.0, 10.0)->(3, 0)
[-16.1776695251465, -11.2662296295166, 1.43468594551086]::(251.0, 80.0, 147.0, 196.0)::(120.0, 10.0)->(3, 0)
[-16.3617095947266, -11.1863098144531, 1.5393214225769]::(251.0, 80.0, 147.0, 196.0)::(120.0, 10.0)->(3, 0)
[-15.8105325698853, -10.6682300567627, 1.39576649665833]::(251.0, 80.0, 147.0, 196.0)::(120.0, 10.0)->(3, 0)
[-16.6661338806152, -10.9966220855713, 1.5695344209671]::(251.0, 80.0, 147.0, 196.0)::(124.0, 10.0)->(3, 0)
[-17.0534267425537, -11.4143838882446, 1.64105474948883]::(251.0, 80.0, 147.0, 196.0)::(124.0, 10.0)->(3, 0)
[-15.9977712631226, -10.5913000106812, 1.3427562713623]::(251.0, 80.0, 147.0, 196.0)::(120.0, 10.0)->(3, 0)
[-16.6552810668945, -11.0432405471802, 1.47713434696198]::(251.0, 80.0, 147.0, 196.0)::(120.0, 10.0)->(3, 0)
[-16.436559677124, -11.1639251708984, 1.45560431480408]::(251.0, 80.0, 147.0, 196.0)::(120.0, 10.0)->(3, 0)
[-16.97536277771, -11.3429851531982, 1.72747445106506]::(251.0, 80.0, 147.0, 196.0)::(120.0, 10.0)->(3, 0)
[-16.4423961639404, -10.9733066558838, 1.39013290405273]::(251.0, 80.0, 147.0, 196.0)::(120.0, 10.0)->(3, 0)
[-16.0802116394043, -11.2375497817993, 1.46567916870117]::(251.0, 80.0, 147.0, 196.0)::(120.0, 10.0)->(3, 0)
[-16.2718467712402, -10.4821462631226, 1.34189736843109]::(251.0, 80.0, 147.0, 196.0)::(120.0, 10.0)->(3, 0)
[-16.5351028442383, -11.6470756530762, 1.56630718708038]::(251.0, 80.0, 147.0, 196.0)::(120.0, 10.0)->(3, 0)
[-16.8278160095215, -10.9428958892822, 1.66865456104279]::(251.0, 80.0, 147.0, 196.0)::(120.0, 10.0)->(3, 0)
[-15.9521684646606, -11.3768081665039, 1.25527429580688]::(251.0, 80.0, 147.0, 196.0)::(120.0, 10.0)->(3, 0)
[-16.6485176086426, -10.9390058517456, 1.3277268409729]::(251.0, 80.0, 147.0, 196.0)::(117.0, 10.0)->(3, 0)
[-16.7082252502441, -11.094443321228, 1.44019949436188]::(251.0, 80.0, 147.0, 196.0)::(120.0, 10.0)->(3, 0)
[-16.2512454986572, -10.7777280807495, 1.41635394096375]::(251.0, 80.0, 147.0, 196.0)::(117.0, 10.0)->(3, 0)
[-16.1945190429688, -10.8576889038086, 1.48396420478821]::(251.0, 80.0, 147.0, 196.0)::(117.0, 10.0)->(3, 0)
[-16.1227188110352, -11.0125703811646, 1.57044851779938]::(251.0, 80.0, 147.0, 196.0)::(120.0, 10.0)->(3, 0)
[-16.0306491851807, -11.1301803588867, 1.51432585716248]::(251.0, 80.0, 147.0, 196.0)::(120.0, 10.0)->(3, 0)
[-15.9973211288452, -11.0405282974243, 1.37760829925537]::(251.0, 80.0, 147.0, 196.0)::(117.0, 10.0)->(3, 0)
[-16.6862869262695, -10.3742475509644, 1.33229970932007]::(251.0, 80.0, 147.0, 196.0)::(117.0, 10.0)->(3, 0)
[-15.5320158004761, -11.0690746307373, 1.53576767444611]::(251.0, 80.0, 147.0, 196.0)::(117.0, 10.0)->(3, 0)
[-16.6243343353271, -11.0302000045776, 1.48278033733368]::(251.0, 80.0, 147.0, 196.0)::(117.0, 10.0)->(3, 0)
[-16.2596778869629, -11.2158908843994, 1.36014366149902]::(251.0, 80.0, 147.0, 196.0)::(117.0, 10.0)->(3, 0)
[-16.2499580383301, -11.3295135498047, 1.44359803199768]::(251.0, 80.0, 147.0, 196.0)::(117.0, 10.0)->(3, 0)
[-17.204797744751, -11.2599983215332, 1.48661887645721]::(251.0, 80.0, 147.0, 196.0)::(120.0, 10.0)->(3, 0)
[-16.6666774749756, -10.3795166015625, 1.20280849933624]::(251.0, 80.0, 147.0, 196.0)::(120.0, 10.0)->(3, 0)
[-16.6035614013672, -11.1000165939331, 1.27249240875244]::(251.0, 80.0, 147.0, 196.0)::(120.0, 10.0)->(3, 0)
[-15.9631576538086, -10.2492322921753, 1.28756618499756]::(251.0, 80.0, 147.0, 196.0)::(120.0, 10.0)->(3, 0)
[-16.2668743133545, -11.1138210296631, 1.38280653953552]::(251.0, 80.0, 147.0, 196.0)::(120.0, 10.0)->(3, 0)
[-16.1533508300781, -11.0407104492188, 1.4891517162323]::(251.0, 80.0, 147.0, 196.0)::(120.0, 10.0)->(3, 0)
[-16.291561126709, -10.979175567627, 1.50445008277893]::(251.0, 80.0, 147.0, 196.0)::(120.0, 10.0)->(3, 0)
[-16.2574596405029, -11.4784412384033, 1.59284973144531]::(251.0, 80.0, 147.0, 196.0)::(120.0, 10.0)->(3, 0)
[-17.0615844726562, -11.3777704238892, 1.70760190486908]::(251.0, 80.0, 147.0, 196.0)::(120.0, 10.0)->(3, 0)
[-16.647180557251, -11.2181043624878, 1.45130014419556]::(251.0, 80.0, 147.0, 196.0)::(120.0, 10.0)->(3, 0)
[-16.3016681671143, -11.0465660095215, 1.43459403514862]::(251.0, 80.0, 147.0, 196.0)::(120.0, 10.0)->(3, 0)
[-16.3357963562012, -11.0585594177246, 1.50552666187286]::(251.0, 80.0, 147.0, 196.0)::(120.0, 10.0)->(3, 0)
[-16.9963779449463, -11.3298759460449, 1.49996221065521]::(251.0, 80.0, 147.0, 196.0)::(120.0, 10.0)->(3, 0)
[-16.665641784668, -11.3754634857178, 1.73429620265961]::(251.0, 80.0, 147.0, 196.0)::(120.0, 10.0)->(3, 0)
[-16.1044158935547, -11.0305643081665, 1.54043161869049]::(251.0, 80.0, 147.0, 196.0)::(120.0, 10.0)->(3, 0)
[-16.0640602111816, -10.3756923675537, 1.06206727027893]::(251.0, 80.0, 147.0, 196.0)::(120.0, 10.0)->(3, 0)
[-16.2099781036377, -10.7671709060669, 1.41577351093292]::(251.0, 80.0, 147.0, 196.0)::(120.0, 10.0)->(3, 0)
[-15.6866598129272, -10.8047943115234, 1.53744125366211]::(251.0, 80.0, 147.0, 196.0)::(117.0, 10.0)->(3, 0)
[-16.8005657196045, -10.9992036819458, 1.46361327171326]::(251.0, 80.0, 147.0, 196.0)::(117.0, 10.0)->(3, 0)
[-15.7861652374268, -10.8371114730835, 1.21017110347748]::(251.0, 80.0, 147.0, 196.0)::(120.0, 10.0)->(3, 0)
[-16.8339653015137, -10.6589183807373, 1.48088872432709]::(251.0, 80.0, 147.0, 196.0)::(120.0, 10.0)->(3, 0)
[-15.6499032974243, -10.8193101882935, 1.40305244922638]::(251.0, 80.0, 147.0, 196.0)::(120.0, 10.0)->(3, 0)
[-17.1464653015137, -10.4407949447632, 1.60356318950653]::(251.0, 80.0, 147.0, 196.0)::(120.0, 10.0)->(3, 0)
[-16.4121341705322, -10.4382905960083, 1.39570355415344]::(251.0, 80.0, 147.0, 196.0)::(120.0, 10.0)->(3, 0)
[-16.6656112670898, -10.7948436737061, 1.61987209320068]::(251.0, 80.0, 147.0, 196.0)::(120.0, 10.0)->(3, 0)
[-16.7042694091797, -10.4883184432983, 1.25965440273285]::(251.0, 80.0, 147.0, 196.0)::(144.0, 10.0)->(4, 0)
[-17.1619396209717, -10.4740581512451, 1.14981734752655]::(251.0, 80.0, 147.0, 196.0)::(144.0, 10.0)->(4, 0)
[-17.0367336273193, -10.3404388427734, 1.42191481590271]::(251.0, 80.0, 147.0, 196.0)::(144.0, 10.0)->(4, 0)
[-16.2573184967041, -9.9541130065918, 0.925506889820099]::(251.0, 80.0, 147.0, 196.0)::(144.0, 10.0)->(4, 0)
[-17.4214649200439, -10.7770586013794, 1.44790685176849]::(251.0, 80.0, 147.0, 196.0)::(144.0, 10.0)->(4, 0)
[-17.5511932373047, -10.1634683609009, 1.24019622802734]::(251.0, 80.0, 147.0, 196.0)::(144.0, 10.0)->(4, 0)
[-17.4203872680664, -10.4163780212402, 1.31173121929169]::(251.0, 80.0, 147.0, 196.0)::(144.0, 10.0)->(4, 0)
[-16.7614803314209, -10.5130109786987, 1.43905770778656]::(251.0, 80.0, 147.0, 196.0)::(144.0, 10.0)->(4, 0)
[-16.5005950927734, -10.2266063690186, 1.13355898857117]::(251.0, 80.0, 147.0, 196.0)::(144.0, 10.0)->(4, 0)
[-17.5869903564453, -10.2521591186523, 1.23790454864502]::(251.0, 80.0, 147.0, 196.0)::(144.0, 10.0)->(4, 0)
[-17.9232063293457, -10.3996591567993, 1.40829908847809]::(251.0, 80.0, 147.0, 196.0)::(144.0, 10.0)->(4, 0)
[-17.2522449493408, -10.8951539993286, 1.33932983875275]::(251.0, 80.0, 147.0, 196.0)::(144.0, 10.0)->(4, 0)
[-17.1918811798096, -10.035496711731, 1.12651932239532]::(251.0, 80.0, 147.0, 196.0)::(144.0, 10.0)->(4, 0)
[-17.1861972808838, -10.32581615448, 1.25420117378235]::(251.0, 80.0, 147.0, 196.0)::(144.0, 10.0)->(4, 0)
[-17.4292163848877, -9.81899070739746, 1.07961308956146]::(251.0, 80.0, 147.0, 196.0)::(144.0, 10.0)->(4, 0)
[-17.1286659240723, -10.8189277648926, 1.32783842086792]::(251.0, 80.0, 147.0, 196.0)::(144.0, 10.0)->(4, 0)
[-17.1085052490234, -10.6238098144531, 1.36407458782196]::(251.0, 80.0, 147.0, 196.0)::(144.0, 10.0)->(4, 0)
[-17.0596580505371, -9.82703685760498, 1.22562551498413]::(251.0, 80.0, 147.0, 196.0)::(144.0, 10.0)->(4, 0)
[-17.4499187469482, -10.4155530929565, 1.25384843349457]::(251.0, 80.0, 147.0, 196.0)::(144.0, 10.0)->(4, 0)
[-17.5308380126953, -10.6910762786865, 1.45610547065735]::(251.0, 80.0, 147.0, 196.0)::(144.0, 10.0)->(4, 0)
[-16.9050731658936, -10.5691919326782, 1.32024383544922]::(251.0, 80.0, 147.0, 196.0)::(144.0, 10.0)->(4, 0)
[-16.6589984893799, -10.2430763244629, 1.20963263511658]::(251.0, 80.0, 147.0, 196.0)::(144.0, 10.0)->(4, 0)
[-16.8063106536865, -10.0410432815552, 1.25250566005707]::(251.0, 80.0, 147.0, 196.0)::(144.0, 10.0)->(4, 0)
[-16.5960578918457, -10.299391746521, 1.15053796768188]::(251.0, 80.0, 147.0, 196.0)::(144.0, 10.0)->(4, 0)
[-17.2584667205811, -10.7510633468628, 1.33594238758087]::(251.0, 80.0, 147.0, 196.0)::(144.0, 10.0)->(4, 0)
[-16.5991153717041, -10.3054256439209, 1.21315085887909]::(251.0, 80.0, 147.0, 196.0)::(144.0, 10.0)->(4, 0)
[-16.8568019866943, -11.0586919784546, 1.39494168758392]::(251.0, 80.0, 147.0, 196.0)::(144.0, 10.0)->(4, 0)
[-17.1993770599365, -10.5291299819946, 1.09111571311951]::(251.0, 80.0, 147.0, 196.0)::(144.0, 10.0)->(4, 0)
[-16.8521900177002, -10.2411642074585, 1.20709347724915]::(251.0, 80.0, 147.0, 196.0)::(144.0, 10.0)->(4, 0)
[-16.7950534820557, -10.6850786209106, 1.18359184265137]::(251.0, 80.0, 147.0, 196.0)::(144.0, 10.0)->(4, 0)
[-17.1934204101562, -10.2386388778687, 1.34410285949707]::(251.0, 80.0, 147.0, 196.0)::(144.0, 10.0)->(4, 0)
[-17.397481918335, -10.7236557006836, 1.18996000289917]::(251.0, 80.0, 147.0, 196.0)::(144.0, 10.0)->(4, 0)
[-16.6537399291992, -10.614649772644, 1.0904529094696]::(251.0, 80.0, 147.0, 196.0)::(144.0, 10.0)->(4, 0)
[-17.2882061004639, -10.1418828964233, 1.25819897651672]::(251.0, 80.0, 147.0, 196.0)::(144.0, 10.0)->(4, 0)
[-17.1177749633789, -10.4581804275513, 1.31983363628387]::(251.0, 80.0, 147.0, 196.0)::(144.0, 10.0)->(4, 0)
[-17.0834350585938, -10.4687461853027, 1.22017872333527]::(251.0, 80.0, 147.0, 196.0)::(144.0, 10.0)->(4, 0)
[-17.1605644226074, -10.1139802932739, 1.30301332473755]::(251.0, 80.0, 147.0, 196.0)::(144.0, 10.0)->(4, 0)
[-16.819580078125, -10.6074409484863, 0.977364659309387]::(251.0, 80.0, 147.0, 196.0)::(144.0, 10.0)->(4, 0)
[-16.9600524902344, -10.6316690444946, 1.17492914199829]::(251.0, 80.0, 147.0, 196.0)::(144.0, 10.0)->(4, 0)
[-17.7208366394043, -11.1060762405396, 1.36484086513519]::(251.0, 80.0, 147.0, 196.0)::(144.0, 10.0)->(4, 0)
[-16.6135540008545, -10.5555868148804, 1.15650594234467]::(251.0, 80.0, 147.0, 196.0)::(144.0, 10.0)->(4, 0)
[-17.2428016662598, -10.8971614837646, 1.38244998455048]::(251.0, 80.0, 147.0, 196.0)::(144.0, 10.0)->(4, 0)
[-16.825553894043, -10.5487680435181, 1.15812170505524]::(251.0, 80.0, 147.0, 196.0)::(144.0, 10.0)->(4, 0)
[-16.7233810424805, -10.2576160430908, 1.15124082565308]::(251.0, 80.0, 147.0, 196.0)::(144.0, 10.0)->(4, 0)
[-17.7485160827637, -10.2790260314941, 1.20695686340332]::(251.0, 80.0, 147.0, 196.0)::(144.0, 10.0)->(4, 0)
[-17.5657348632812, -10.130350112915, 1.14995002746582]::(251.0, 80.0, 147.0, 196.0)::(141.0, 10.0)->(4, 0)
[-17.6484756469727, -9.93150329589844, 1.16574323177338]::(251.0, 80.0, 147.0, 196.0)::(144.0, 10.0)->(4, 0)
[-16.9029388427734, -10.570948600769, 1.17796456813812]::(251.0, 80.0, 147.0, 196.0)::(144.0, 10.0)->(4, 0)
[-17.1378746032715, -10.6377630233765, 1.1328626871109]::(251.0, 80.0, 147.0, 196.0)::(144.0, 10.0)->(4, 0)
[-17.1180744171143, -9.72203636169434, 0.971941351890564]::(251.0, 80.0, 147.0, 196.0)::(144.0, 10.0)->(4, 0)
[-17.19775390625, -10.2327165603638, 1.1832183599472]::(251.0, 80.0, 147.0, 196.0)::(144.0, 10.0)->(4, 0)
[-16.6045246124268, -10.3603687286377, 1.07901000976562]::(251.0, 80.0, 147.0, 196.0)::(144.0, 10.0)->(4, 0)
[-17.4760723114014, -10.2397222518921, 1.00305128097534]::(251.0, 80.0, 147.0, 196.0)::(144.0, 10.0)->(4, 0)
[-16.5647926330566, -10.2967519760132, 1.11334609985352]::(251.0, 80.0, 147.0, 196.0)::(144.0, 10.0)->(4, 0)
[-17.8983421325684, -10.01344871521, 1.35787987709045]::(251.0, 80.0, 147.0, 196.0)::(144.0, 10.0)->(4, 0)
[-16.7804145812988, -10.3426914215088, 1.1163911819458]::(251.0, 80.0, 147.0, 196.0)::(144.0, 10.0)->(4, 0)
[-16.7414169311523, -10.2901782989502, 1.10182118415833]::(251.0, 80.0, 147.0, 196.0)::(144.0, 10.0)->(4, 0)
[-16.7945499420166, -10.748233795166, 1.10757267475128]::(251.0, 80.0, 147.0, 196.0)::(144.0, 10.0)->(4, 0)
[-16.6985397338867, -10.152642250061, 0.95347797870636]::(251.0, 80.0, 147.0, 196.0)::(144.0, 10.0)->(4, 0)
[-16.4159908294678, -10.5742673873901, 0.956439614295959]::(251.0, 80.0, 147.0, 196.0)::(144.0, 10.0)->(4, 0)
[-16.9396018981934, -10.3820762634277, 1.11470377445221]::(251.0, 80.0, 147.0, 196.0)::(144.0, 10.0)->(4, 0)
[-17.0401706695557, -9.87071418762207, 1.18950521945953]::(251.0, 80.0, 147.0, 196.0)::(144.0, 10.0)->(4, 0)
[-16.3650341033936, -10.3435764312744, 1.05848801136017]::(251.0, 80.0, 147.0, 196.0)::(144.0, 10.0)->(4, 0)
[-17.2310638427734, -9.82579326629639, 1.21427762508392]::(251.0, 80.0, 147.0, 196.0)::(144.0, 10.0)->(4, 0)
[-16.4358730316162, -9.90847301483154, 0.964191377162933]::(251.0, 80.0, 147.0, 196.0)::(144.0, 10.0)->(4, 0)
[-16.5959091186523, -10.3539810180664, 1.03818881511688]::(251.0, 80.0, 147.0, 196.0)::(144.0, 10.0)->(4, 0)
[-16.649112701416, -10.8168325424194, 1.21563684940338]::(251.0, 80.0, 147.0, 196.0)::(144.0, 10.0)->(4, 0)
[-16.8153915405273, -11.0591859817505, 1.08822429180145]::(251.0, 80.0, 147.0, 196.0)::(144.0, 10.0)->(4, 0)
[-16.5736446380615, -10.2079744338989, 0.974072515964508]::(251.0, 80.0, 147.0, 196.0)::(144.0, 10.0)->(4, 0)
[-17.1164455413818, -10.6862096786499, 1.41917943954468]::(251.0, 80.0, 147.0, 196.0)::(144.0, 10.0)->(4, 0)
[-17.0605926513672, -10.3950529098511, 1.20258164405823]::(251.0, 80.0, 147.0, 196.0)::(144.0, 10.0)->(4, 0)
[-16.4034671783447, -11.3012762069702, 1.02691960334778]::(251.0, 80.0, 147.0, 196.0)::(144.0, 10.0)->(4, 0)
[-16.5771026611328, -10.6695756912231, 1.04702770709991]::(251.0, 80.0, 147.0, 196.0)::(144.0, 10.0)->(4, 0)
[-16.858024597168, -10.6647567749023, 1.18465995788574]::(251.0, 80.0, 147.0, 196.0)::(144.0, 10.0)->(4, 0)
[-16.8653297424316, -10.8179998397827, 1.07488691806793]::(251.0, 80.0, 147.0, 196.0)::(144.0, 10.0)->(4, 0)
[-17.3376331329346, -10.2992181777954, 1.08190083503723]::(251.0, 80.0, 147.0, 196.0)::(144.0, 10.0)->(4, 0)
[-17.1657905578613, -10.7115964889526, 1.20537149906158]::(251.0, 80.0, 147.0, 196.0)::(144.0, 10.0)->(4, 0)
[-16.9693794250488, -9.9932975769043, 1.03965353965759]::(251.0, 80.0, 147.0, 196.0)::(144.0, 10.0)->(4, 0)
[-17.9814968109131, -10.2543382644653, 1.1532506942749]::(251.0, 80.0, 147.0, 196.0)::(144.0, 10.0)->(4, 0)
[-16.4053802490234, -10.3898344039917, 1.12559342384338]::(251.0, 80.0, 147.0, 196.0)::(144.0, 10.0)->(4, 0)
[-17.5039596557617, -10.3215579986572, 1.27067804336548]::(251.0, 80.0, 147.0, 196.0)::(144.0, 10.0)->(4, 0)
[-17.1822128295898, -10.3130531311035, 1.21789038181305]::(251.0, 80.0, 147.0, 196.0)::(144.0, 10.0)->(4, 0)
[-17.1455097198486, -10.12131690979, 1.14945578575134]::(251.0, 80.0, 147.0, 196.0)::(144.0, 10.0)->(4, 0)
[-17.2857818603516, -10.151647567749, 1.25253319740295]::(251.0, 80.0, 147.0, 196.0)::(144.0, 10.0)->(4, 0)
[-17.1592292785645, -10.3615703582764, 1.27966392040253]::(251.0, 80.0, 147.0, 196.0)::(144.0, 10.0)->(4, 0)
[-17.8506832122803, -10.457968711853, 1.15234732627869]::(251.0, 80.0, 147.0, 196.0)::(144.0, 10.0)->(4, 0)
[-17.1732006072998, -10.7043733596802, 1.20548629760742]::(251.0, 80.0, 147.0, 196.0)::(144.0, 10.0)->(4, 0)
[-17.4065895080566, -10.2302980422974, 1.28836119174957]::(251.0, 80.0, 147.0, 196.0)::(141.0, 10.0)->(4, 0)
[-16.9350624084473, -10.7569227218628, 1.23590207099915]::(251.0, 80.0, 147.0, 196.0)::(144.0, 10.0)->(4, 0)
[-16.1988201141357, -10.0553245544434, 0.973673760890961]::(251.0, 80.0, 147.0, 196.0)::(144.0, 10.0)->(4, 0)
