[-14.8222637176514, 0.948026239871979, 2.1526346206665]::(226.0, 58.0, 193.0, 257.0)::(68.0, 14.0)->(0, 0)
[-13.9205284118652, 0.918987572193146, 2.10114884376526]::(226.0, 58.0, 193.0, 257.0)::(68.0, 14.0)->(0, 0)
[-14.0768423080444, 1.92957949638367, 2.02089691162109]::(226.0, 58.0, 193.0, 257.0)::(68.0, 14.0)->(0, 0)
[-14.990740776062, 2.10218238830566, 2.16269564628601]::(226.0, 58.0, 193.0, 257.0)::(68.0, 14.0)->(0, 0)
[-15.9177436828613, 1.900350689888, 1.99804186820984]::(226.0, 58.0, 193.0, 257.0)::(68.0, 14.0)->(0, 0)
[-13.9375896453857, 1.99169337749481, 1.95588982105255]::(226.0, 58.0, 193.0, 257.0)::(68.0, 14.0)->(0, 0)
[-14.5077590942383, 1.68424510955811, 2.17359733581543]::(226.0, 58.0, 193.0, 257.0)::(68.0, 14.0)->(0, 0)
[-13.5736131668091, 1.25182914733887, 1.86688220500946]::(226.0, 58.0, 193.0, 257.0)::(68.0, 14.0)->(0, 0)
[-14.6467771530151, 1.65315878391266, 1.96823489665985]::(226.0, 58.0, 193.0, 257.0)::(68.0, 14.0)->(0, 0)
[-15.0766916275024, 1.2921758890152, 1.88390278816223]::(226.0, 58.0, 193.0, 257.0)::(68.0, 14.0)->(0, 0)
[-14.3008346557617, 1.62027192115784, 1.9676468372345]::(226.0, 58.0, 193.0, 257.0)::(68.0, 14.0)->(0, 0)
[-13.5786657333374, 0.647205710411072, 2.16086363792419]::(226.0, 58.0, 193.0, 257.0)::(68.0, 14.0)->(0, 0)
[-13.1244440078735, 1.9420862197876, 1.98468518257141]::(226.0, 58.0, 193.0, 257.0)::(68.0, 14.0)->(0, 0)
[-13.5973377227783, 1.29773700237274, 1.99964809417725]::(226.0, 58.0, 193.0, 257.0)::(68.0, 14.0)->(0, 0)
[-13.3890266418457, 1.7053769826889, 1.95135450363159]::(226.0, 58.0, 193.0, 257.0)::(65.0, 14.0)->(0, 0)
[-13.3533763885498, 1.89324903488159, 2.07174181938171]::(226.0, 58.0, 193.0, 257.0)::(65.0, 14.0)->(0, 0)
[-13.6643018722534, 1.94095873832703, 1.85291576385498]::(226.0, 58.0, 193.0, 257.0)::(65.0, 14.0)->(0, 0)
[-14.2579135894775, 1.5728052854538, 1.97488641738892]::(230.0, 59.0, 185.0, 246.0)::(68.0, 14.0)->(0, 0)
[-15.5708827972412, 1.45738995075226, 1.94062542915344]::(225.0, 52.0, 200.0, 266.0)::(65.0, 14.0)->(0, 0)
[-13.696681022644, 1.32131552696228, 1.90549790859222]::(232.0, 64.0, 186.0, 248.0)::(65.0, 14.0)->(0, 0)
[-13.7414131164551, 1.79992604255676, 1.82415163516998]::(232.0, 64.0, 186.0, 248.0)::(63.0, 14.0)->(0, 0)
[-14.1347055435181, 1.99046874046326, 1.83567357063293]::(232.0, 64.0, 186.0, 248.0)::(65.0, 14.0)->(0, 0)
[-14.6306533813477, 1.72264361381531, 1.88628482818604]::(232.0, 64.0, 186.0, 248.0)::(65.0, 14.0)->(0, 0)
[-12.7476224899292, 1.74796426296234, 1.78499948978424]::(232.0, 64.0, 186.0, 248.0)::(65.0, 14.0)->(0, 0)
[-14.4382581710815, 1.79492545127869, 1.81716418266296]::(232.0, 64.0, 186.0, 248.0)::(68.0, 14.0)->(0, 0)
[-14.1777305603027, 1.87972867488861, 2.19618892669678]::(232.0, 64.0, 186.0, 248.0)::(65.0, 14.0)->(0, 0)
[-14.0726928710938, 1.763587474823, 1.94400382041931]::(232.0, 64.0, 186.0, 248.0)::(63.0, 14.0)->(0, 0)
[-14.6677188873291, 1.67445993423462, 1.95193409919739]::(232.0, 64.0, 186.0, 248.0)::(65.0, 14.0)->(0, 0)
[-15.1947374343872, 1.18009507656097, 1.91815638542175]::(232.0, 64.0, 186.0, 248.0)::(65.0, 14.0)->(0, 0)
[-13.3334121704102, 1.64544093608856, 1.92506861686707]::(232.0, 64.0, 186.0, 248.0)::(63.0, 14.0)->(0, 0)
[-13.3969478607178, 1.76320624351501, 1.74415218830109]::(232.0, 64.0, 186.0, 248.0)::(65.0, 14.0)->(0, 0)
[-14.0222311019897, 1.87424087524414, 1.85332572460175]::(232.0, 64.0, 186.0, 248.0)::(65.0, 14.0)->(0, 0)
[-15.1358070373535, 1.1758599281311, 2.26318979263306]::(225.0, 53.0, 196.0, 261.0)::(65.0, 14.0)->(0, 0)
[-15.1965970993042, 2.03817105293274, 2.1399199962616]::(225.0, 53.0, 196.0, 261.0)::(68.0, 14.0)->(0, 0)
[-14.1379108428955, 1.82736909389496, 1.92619681358337]::(231.0, 57.0, 184.0, 245.0)::(63.0, 14.0)->(0, 0)
[-14.8021936416626, 1.49347734451294, 2.08995342254639]::(231.0, 57.0, 184.0, 245.0)::(63.0, 14.0)->(0, 0)
[-14.1583251953125, 1.87554121017456, 1.99302875995636]::(226.0, 55.0, 192.0, 256.0)::(63.0, 14.0)->(0, 0)
[-14.4270915985107, 1.5134779214859, 2.2008581161499]::(226.0, 55.0, 192.0, 256.0)::(65.0, 14.0)->(0, 0)
[-14.4879293441772, 1.72191274166107, 2.10228300094604]::(226.0, 55.0, 192.0, 256.0)::(65.0, 14.0)->(0, 0)
[-14.9780225753784, 1.57219755649567, 2.14911293983459]::(226.0, 55.0, 192.0, 256.0)::(63.0, 14.0)->(0, 0)
[-15.4607563018799, 0.65006685256958, 2.32823371887207]::(226.0, 55.0, 192.0, 256.0)::(65.0, 14.0)->(0, 0)
[-13.5816192626953, 1.1437463760376, 2.06434440612793]::(226.0, 55.0, 192.0, 256.0)::(65.0, 14.0)->(0, 0)
[-13.9089889526367, 1.88647735118866, 2.03215837478638]::(226.0, 55.0, 192.0, 256.0)::(65.0, 14.0)->(0, 0)
[-13.9541702270508, 1.28475618362427, 2.2409360408783]::(226.0, 55.0, 192.0, 256.0)::(63.0, 14.0)->(0, 0)
[-14.589412689209, 1.50119709968567, 1.89739418029785]::(226.0, 55.0, 192.0, 256.0)::(63.0, 14.0)->(0, 0)
[-12.7072744369507, 1.39921319484711, 1.72779321670532]::(233.0, 62.0, 183.0, 244.0)::(63.0, 14.0)->(0, 0)
[-13.3547868728638, 1.35134434700012, 2.2978184223175]::(233.0, 62.0, 183.0, 244.0)::(63.0, 14.0)->(0, 0)
[-13.0093307495117, 1.16948461532593, 1.7795227766037]::(233.0, 62.0, 183.0, 244.0)::(63.0, 14.0)->(0, 0)
[-13.6030139923096, 1.73816406726837, 2.1102979183197]::(233.0, 62.0, 183.0, 244.0)::(63.0, 14.0)->(0, 0)
[-13.6856384277344, 1.57758843898773, 2.12412452697754]::(233.0, 62.0, 183.0, 244.0)::(63.0, 14.0)->(0, 0)
[-12.9162015914917, 1.74305272102356, 1.98382699489594]::(233.0, 62.0, 183.0, 244.0)::(65.0, 14.0)->(0, 0)
[-13.8990602493286, 0.840390384197235, 2.05224633216858]::(233.0, 62.0, 183.0, 244.0)::(65.0, 14.0)->(0, 0)
[-14.1269807815552, 1.9134316444397, 2.07648754119873]::(233.0, 62.0, 183.0, 244.0)::(63.0, 14.0)->(0, 0)
[-13.2298603057861, 1.57001578807831, 1.95630860328674]::(227.0, 56.0, 193.0, 257.0)::(60.0, 14.0)->(0, 0)
[-15.1525506973267, 0.887385845184326, 2.10297322273254]::(227.0, 56.0, 193.0, 257.0)::(63.0, 14.0)->(0, 0)
[-14.4678678512573, 1.4845517873764, 2.19040942192078]::(227.0, 56.0, 193.0, 257.0)::(60.0, 14.0)->(0, 0)
[-14.0780143737793, 1.57190263271332, 2.01885104179382]::(227.0, 56.0, 193.0, 257.0)::(60.0, 14.0)->(0, 0)
[-13.9424343109131, 1.39956378936768, 2.02344942092896]::(231.0, 58.0, 184.0, 245.0)::(60.0, 14.0)->(0, 0)
[-14.6796951293945, 1.53445017337799, 2.09880709648132]::(226.0, 57.0, 192.0, 256.0)::(63.0, 14.0)->(0, 0)
[-14.4923944473267, 1.09149944782257, 2.02967834472656]::(226.0, 57.0, 192.0, 256.0)::(60.0, 14.0)->(0, 0)
[-14.8291301727295, 1.00713384151459, 2.1874144077301]::(226.0, 57.0, 192.0, 256.0)::(65.0, 14.0)->(0, 0)
[-14.2452411651611, 1.97447240352631, 1.94502806663513]::(226.0, 57.0, 192.0, 256.0)::(63.0, 14.0)->(0, 0)
[-14.5775308609009, 1.43756556510925, 1.96460723876953]::(226.0, 57.0, 192.0, 256.0)::(63.0, 14.0)->(0, 0)
[-13.825626373291, 1.76579821109772, 1.85624074935913]::(226.0, 57.0, 192.0, 256.0)::(63.0, 14.0)->(0, 0)
[-14.550799369812, 2.74736857414246, 1.88295769691467]::(226.0, 57.0, 192.0, 256.0)::(63.0, 14.0)->(0, 0)
[-14.2870635986328, 1.50227952003479, 2.17492938041687]::(226.0, 57.0, 192.0, 256.0)::(63.0, 14.0)->(0, 0)
[-15.596043586731, 1.80973148345947, 2.23855566978455]::(226.0, 57.0, 192.0, 256.0)::(63.0, 14.0)->(0, 0)
[-14.3850049972534, 2.01909947395325, 2.10400104522705]::(226.0, 57.0, 192.0, 256.0)::(60.0, 14.0)->(0, 0)
[-14.4439458847046, 1.68777585029602, 1.99493134021759]::(226.0, 57.0, 192.0, 256.0)::(60.0, 14.0)->(0, 0)
[-15.0415420532227, 1.83213531970978, 2.13737607002258]::(226.0, 57.0, 192.0, 256.0)::(63.0, 14.0)->(0, 0)
[-15.0360078811646, 1.79080259799957, 2.33658146858215]::(226.0, 57.0, 192.0, 256.0)::(60.0, 14.0)->(0, 0)
[-15.7129325866699, 0.961666405200958, 2.23751473426819]::(226.0, 57.0, 192.0, 256.0)::(60.0, 14.0)->(0, 0)
[-14.2666444778442, 0.783032238483429, 2.24472236633301]::(226.0, 57.0, 192.0, 256.0)::(60.0, 14.0)->(0, 0)
[-14.6464595794678, 1.52919220924377, 2.30247330665588]::(226.0, 57.0, 192.0, 256.0)::(58.0, 14.0)->(0, 0)
[-14.7528924942017, 1.07058763504028, 2.12528252601624]::(226.0, 57.0, 192.0, 256.0)::(58.0, 14.0)->(0, 0)
[-14.866250038147, 0.91614693403244, 2.31765723228455]::(226.0, 57.0, 192.0, 256.0)::(56.0, 14.0)->(0, 0)
[-13.9927883148193, 1.29087591171265, 2.09014797210693]::(226.0, 57.0, 192.0, 256.0)::(58.0, 14.0)->(0, 0)
[-14.5003108978271, 1.65234398841858, 2.39702486991882]::(226.0, 57.0, 192.0, 256.0)::(58.0, 14.0)->(0, 0)
[-14.1011419296265, 1.60179507732391, 2.05415463447571]::(226.0, 57.0, 192.0, 256.0)::(56.0, 14.0)->(0, 0)
[-13.8029174804688, 1.1830792427063, 2.21825242042542]::(226.0, 57.0, 192.0, 256.0)::(58.0, 14.0)->(0, 0)
[-13.5822858810425, 1.49896609783173, 2.17799425125122]::(226.0, 57.0, 192.0, 256.0)::(58.0, 14.0)->(0, 0)
[-14.2816410064697, 1.55459749698639, 2.15172266960144]::(226.0, 57.0, 192.0, 256.0)::(58.0, 14.0)->(0, 0)
[-13.8622808456421, 1.48639512062073, 2.20093131065369]::(226.0, 57.0, 192.0, 256.0)::(60.0, 14.0)->(0, 0)
[-15.0250673294067, 1.94172358512878, 2.1098484992981]::(226.0, 57.0, 192.0, 256.0)::(58.0, 14.0)->(0, 0)
[-14.5331792831421, 1.7303352355957, 2.03822684288025]::(226.0, 57.0, 192.0, 256.0)::(60.0, 14.0)->(0, 0)
[-15.4340724945068, 1.6810644865036, 2.00938963890076]::(226.0, 57.0, 192.0, 256.0)::(58.0, 14.0)->(0, 0)
[-13.7042388916016, 1.76755332946777, 2.00178670883179]::(226.0, 57.0, 192.0, 256.0)::(60.0, 14.0)->(0, 0)
[-14.4034042358398, 1.24455881118774, 2.19422602653503]::(226.0, 57.0, 192.0, 256.0)::(60.0, 14.0)->(0, 0)
[-14.1668844223022, 2.03596758842468, 1.95806729793549]::(226.0, 57.0, 192.0, 256.0)::(60.0, 14.0)->(0, 0)
[-14.2925043106079, 1.45286846160889, 2.15384316444397]::(226.0, 57.0, 192.0, 256.0)::(60.0, 14.0)->(0, 0)
[-14.907054901123, 1.94052374362946, 1.58484423160553]::(231.0, 58.0, 189.0, 252.0)::(75.0, 12.0)->(1, 0)
[-15.0875606536865, 1.07670474052429, 1.74078369140625]::(231.0, 58.0, 189.0, 252.0)::(75.0, 12.0)->(1, 0)
[-15.9144506454468, 1.37119615077972, 1.71750485897064]::(231.0, 58.0, 189.0, 252.0)::(75.0, 12.0)->(1, 0)
[-15.6401462554932, 0.896667897701263, 1.81830954551697]::(231.0, 58.0, 189.0, 252.0)::(75.0, 12.0)->(1, 0)
[-15.0965995788574, 1.4313850402832, 1.73955726623535]::(234.0, 63.0, 181.0, 241.0)::(72.0, 12.0)->(1, 0)
[-14.7601976394653, 1.66193735599518, 1.77048540115356]::(234.0, 63.0, 181.0, 241.0)::(72.0, 12.0)->(1, 0)
[-16.1070365905762, 1.09481716156006, 1.89434194564819]::(227.0, 56.0, 191.0, 254.0)::(75.0, 12.0)->(1, 0)
[-16.208158493042, 1.32503271102905, 1.8010995388031]::(227.0, 56.0, 191.0, 254.0)::(72.0, 12.0)->(1, 0)
[-16.4146118164062, 1.16232323646545, 1.93379986286163]::(227.0, 56.0, 191.0, 254.0)::(72.0, 12.0)->(1, 0)
[-16.0027866363525, 0.939861655235291, 1.95316433906555]::(227.0, 56.0, 191.0, 254.0)::(72.0, 12.0)->(1, 0)
[-14.8014678955078, 1.51649630069733, 1.73378252983093]::(227.0, 56.0, 191.0, 254.0)::(72.0, 12.0)->(1, 0)
[-15.6688060760498, 2.28449869155884, 1.72761571407318]::(227.0, 56.0, 191.0, 254.0)::(72.0, 12.0)->(1, 0)
[-15.7258977890015, 1.62159156799316, 1.99103283882141]::(227.0, 56.0, 191.0, 254.0)::(75.0, 12.0)->(1, 0)
[-15.7403879165649, 1.31656765937805, 1.79782664775848]::(227.0, 56.0, 191.0, 254.0)::(75.0, 12.0)->(1, 0)
[-14.2431240081787, 2.17469072341919, 1.55252623558044]::(227.0, 56.0, 191.0, 254.0)::(75.0, 12.0)->(1, 0)
[-16.0452327728271, 1.27361476421356, 1.73528945446014]::(227.0, 56.0, 191.0, 254.0)::(77.0, 12.0)->(1, 0)
[-14.7527770996094, 1.6591864824295, 1.80163335800171]::(227.0, 56.0, 191.0, 254.0)::(77.0, 12.0)->(1, 0)
[-16.0669555664062, 0.908050179481506, 1.81693422794342]::(227.0, 56.0, 191.0, 254.0)::(75.0, 12.0)->(1, 0)
[-15.9846906661987, 1.02171277999878, 1.90459275245667]::(227.0, 56.0, 191.0, 254.0)::(75.0, 12.0)->(1, 0)
[-15.1402397155762, 1.17909789085388, 1.7285521030426]::(227.0, 56.0, 191.0, 254.0)::(75.0, 12.0)->(1, 0)
[-15.5148639678955, 1.12818896770477, 1.99231350421906]::(227.0, 56.0, 191.0, 254.0)::(72.0, 12.0)->(1, 0)
[-15.0436954498291, 1.11774253845215, 1.71705102920532]::(227.0, 56.0, 191.0, 254.0)::(75.0, 12.0)->(1, 0)
[-15.7482070922852, 1.40485942363739, 1.79399275779724]::(227.0, 56.0, 191.0, 254.0)::(75.0, 12.0)->(1, 0)
[-15.8940296173096, 1.47416257858276, 1.87922501564026]::(227.0, 56.0, 191.0, 254.0)::(75.0, 12.0)->(1, 0)
[-16.9564037322998, 1.40479004383087, 1.78639531135559]::(227.0, 56.0, 191.0, 254.0)::(75.0, 12.0)->(1, 0)
[-16.7436237335205, 0.658896088600159, 2.02312088012695]::(227.0, 56.0, 191.0, 254.0)::(75.0, 12.0)->(1, 0)
[-15.5555000305176, 1.59078311920166, 1.9016615152359]::(227.0, 56.0, 191.0, 254.0)::(72.0, 12.0)->(1, 0)
[-16.152645111084, 1.4034970998764, 1.94772326946259]::(227.0, 56.0, 191.0, 254.0)::(75.0, 12.0)->(1, 0)
[-15.2431402206421, 2.10487651824951, 1.80054605007172]::(227.0, 56.0, 191.0, 254.0)::(75.0, 12.0)->(1, 0)
[-15.2166900634766, 1.81593072414398, 1.7866302728653]::(227.0, 56.0, 191.0, 254.0)::(75.0, 12.0)->(1, 0)
[-16.9463195800781, 1.49376499652863, 1.86577868461609]::(227.0, 56.0, 191.0, 254.0)::(72.0, 12.0)->(1, 0)
[-16.0895538330078, 1.57326054573059, 2.10478520393372]::(227.0, 56.0, 191.0, 254.0)::(72.0, 12.0)->(1, 0)
[-15.7372732162476, 1.75456726551056, 1.9752025604248]::(227.0, 56.0, 191.0, 254.0)::(72.0, 12.0)->(1, 0)
[-16.1854610443115, 1.4610607624054, 1.92243504524231]::(227.0, 56.0, 191.0, 254.0)::(72.0, 12.0)->(1, 0)
[-16.8222846984863, 1.01021611690521, 1.96323990821838]::(227.0, 56.0, 191.0, 254.0)::(72.0, 12.0)->(1, 0)
[-14.8070869445801, 2.09260773658752, 1.77298319339752]::(230.0, 62.0, 182.0, 242.0)::(72.0, 12.0)->(1, 0)
[-14.9086589813232, 1.38021171092987, 1.77093803882599]::(230.0, 62.0, 182.0, 242.0)::(72.0, 12.0)->(1, 0)
[-15.6553792953491, 1.31147766113281, 1.88271307945251]::(225.0, 58.0, 193.0, 257.0)::(70.0, 12.0)->(1, 0)
[-14.712908744812, 1.67464196681976, 1.86621010303497]::(225.0, 58.0, 193.0, 257.0)::(72.0, 12.0)->(1, 0)
[-14.8385124206543, 1.15751171112061, 2.07324314117432]::(225.0, 58.0, 193.0, 257.0)::(70.0, 12.0)->(1, 0)
[-14.2710618972778, 1.61051523685455, 1.69929814338684]::(230.0, 60.0, 185.0, 246.0)::(70.0, 12.0)->(1, 0)
[-14.9655065536499, 1.5225305557251, 1.86209619045258]::(230.0, 60.0, 185.0, 246.0)::(72.0, 12.0)->(1, 0)
[-14.1359176635742, 1.91093456745148, 1.69720792770386]::(230.0, 60.0, 185.0, 246.0)::(70.0, 12.0)->(1, 0)
[-13.554404258728, 1.54402589797974, 1.74721264839172]::(230.0, 60.0, 185.0, 246.0)::(72.0, 12.0)->(1, 0)
[-13.9228057861328, 1.97448396682739, 1.83892941474915]::(230.0, 60.0, 185.0, 246.0)::(70.0, 12.0)->(1, 0)
[-14.7698984146118, 2.03774642944336, 1.81194019317627]::(230.0, 60.0, 185.0, 246.0)::(70.0, 12.0)->(1, 0)
[-15.2387256622314, 2.17802214622498, 1.78506898880005]::(230.0, 60.0, 185.0, 246.0)::(70.0, 12.0)->(1, 0)
[-13.8608436584473, 1.49593937397003, 2.02522397041321]::(230.0, 60.0, 185.0, 246.0)::(70.0, 12.0)->(1, 0)
[-14.5370712280273, 1.6593873500824, 1.83502507209778]::(230.0, 60.0, 185.0, 246.0)::(70.0, 12.0)->(1, 0)
[-13.5222835540771, 1.82832062244415, 1.93301510810852]::(230.0, 60.0, 185.0, 246.0)::(72.0, 12.0)->(1, 0)
[-15.2258424758911, 1.59595906734467, 1.94985663890839]::(230.0, 60.0, 185.0, 246.0)::(70.0, 12.0)->(1, 0)
[-15.6797122955322, 1.31174612045288, 1.96131706237793]::(230.0, 60.0, 185.0, 246.0)::(80.0, 12.0)->(1, 0)
[-15.52170753479, 1.1830130815506, 1.95703494548798]::(230.0, 60.0, 185.0, 246.0)::(82.0, 12.0)->(1, 0)
[-15.5268030166626, 1.05223441123962, 1.85281240940094]::(230.0, 60.0, 185.0, 246.0)::(82.0, 12.0)->(1, 0)
[-14.2031373977661, 2.04597449302673, 1.74292683601379]::(230.0, 60.0, 185.0, 246.0)::(80.0, 12.0)->(1, 0)
[-14.851619720459, 1.6996545791626, 1.94497454166412]::(230.0, 60.0, 185.0, 246.0)::(80.0, 12.0)->(1, 0)
[-14.7796077728271, 1.35595536231995, 1.9940013885498]::(230.0, 60.0, 185.0, 246.0)::(82.0, 12.0)->(1, 0)
[-15.9682397842407, 1.41009831428528, 1.97539186477661]::(230.0, 60.0, 185.0, 246.0)::(80.0, 12.0)->(1, 0)
[-14.8494033813477, 1.21535658836365, 1.84306359291077]::(230.0, 60.0, 185.0, 246.0)::(80.0, 12.0)->(1, 0)
[-14.5943470001221, 1.99889945983887, 1.85597991943359]::(230.0, 60.0, 185.0, 246.0)::(82.0, 12.0)->(1, 0)
[-14.8188352584839, 1.58674013614655, 1.77254152297974]::(230.0, 60.0, 185.0, 246.0)::(80.0, 12.0)->(1, 0)
[-15.117582321167, 1.61271023750305, 1.87980020046234]::(230.0, 60.0, 185.0, 246.0)::(82.0, 12.0)->(1, 0)
[-15.1058073043823, 2.12712645530701, 1.7538149356842]::(230.0, 60.0, 185.0, 246.0)::(82.0, 12.0)->(1, 0)
[-14.3497285842896, 1.01641595363617, 1.96371936798096]::(230.0, 60.0, 185.0, 246.0)::(80.0, 12.0)->(1, 0)
[-14.8611526489258, 2.12701869010925, 1.77976775169373]::(230.0, 60.0, 185.0, 246.0)::(82.0, 12.0)->(1, 0)
[-15.6319160461426, 1.58580493927002, 1.85770928859711]::(224.0, 52.0, 195.0, 260.0)::(82.0, 12.0)->(1, 0)
[-15.5007085800171, 2.03607535362244, 1.76070117950439]::(224.0, 52.0, 195.0, 260.0)::(80.0, 12.0)->(1, 0)
[-14.3134298324585, 1.58293008804321, 1.86441493034363]::(228.0, 60.0, 187.0, 249.0)::(80.0, 12.0)->(1, 0)
[-14.4959173202515, 1.06189858913422, 1.84627318382263]::(228.0, 60.0, 187.0, 249.0)::(78.0, 12.0)->(1, 0)
[-14.3030014038086, 1.03342747688293, 1.82854580879211]::(228.0, 60.0, 187.0, 249.0)::(82.0, 12.0)->(1, 0)
[-15.6458444595337, 1.06279635429382, 1.71385991573334]::(228.0, 60.0, 187.0, 249.0)::(80.0, 12.0)->(1, 0)
[-15.3948726654053, 0.87776255607605, 1.93594932556152]::(228.0, 60.0, 187.0, 249.0)::(80.0, 12.0)->(1, 0)
[-15.5049476623535, 1.70014679431915, 1.91400682926178]::(225.0, 56.0, 195.0, 260.0)::(80.0, 12.0)->(1, 0)
[-13.6873559951782, 1.03527724742889, 1.86194241046906]::(229.0, 62.0, 186.0, 248.0)::(80.0, 12.0)->(1, 0)
[-15.1986637115479, 0.906214237213135, 1.93496549129486]::(229.0, 62.0, 186.0, 248.0)::(80.0, 12.0)->(1, 0)
[-14.0510711669922, 2.13365125656128, 1.56928968429565]::(229.0, 62.0, 186.0, 248.0)::(80.0, 12.0)->(1, 0)
[-14.9568786621094, 1.85647618770599, 1.45307552814484]::(229.0, 62.0, 186.0, 248.0)::(80.0, 12.0)->(1, 0)
[-14.5344877243042, 2.0355179309845, 2.00043177604675]::(229.0, 62.0, 186.0, 248.0)::(80.0, 12.0)->(1, 0)
[-15.7177972793579, 1.48647940158844, 1.74242079257965]::(229.0, 62.0, 186.0, 248.0)::(80.0, 12.0)->(1, 0)
[-14.8069639205933, 1.60955202579498, 1.86855638027191]::(229.0, 62.0, 186.0, 248.0)::(80.0, 12.0)->(1, 0)
[-14.8365898132324, 1.21877956390381, 1.82893562316895]::(229.0, 62.0, 186.0, 248.0)::(80.0, 12.0)->(1, 0)
[-15.5262784957886, 1.56127870082855, 1.96883773803711]::(229.0, 62.0, 186.0, 248.0)::(80.0, 12.0)->(1, 0)
[-14.8437442779541, 1.2487633228302, 1.81657636165619]::(229.0, 62.0, 186.0, 248.0)::(78.0, 12.0)->(1, 0)
[-15.1942462921143, 1.6925665140152, 1.63707673549652]::(229.0, 62.0, 186.0, 248.0)::(78.0, 12.0)->(1, 0)
[-14.8054800033569, 1.6837477684021, 1.82488632202148]::(229.0, 62.0, 186.0, 248.0)::(80.0, 12.0)->(1, 0)
[-13.8670339584351, 1.11631739139557, 1.81814002990723]::(229.0, 62.0, 186.0, 248.0)::(80.0, 12.0)->(1, 0)
[-15.2557315826416, 1.77534186840057, 1.66042709350586]::(229.0, 62.0, 186.0, 248.0)::(80.0, 12.0)->(1, 0)
[-14.5249271392822, 1.15706014633179, 1.68297159671783]::(229.0, 62.0, 186.0, 248.0)::(80.0, 12.0)->(1, 0)
[-14.6137142181396, 1.59140276908875, 1.69287121295929]::(229.0, 62.0, 186.0, 248.0)::(80.0, 12.0)->(1, 0)
[-14.7957592010498, 1.34524595737457, 1.78278684616089]::(229.0, 62.0, 186.0, 248.0)::(80.0, 12.0)->(1, 0)
[-16.1900978088379, 0.199046090245247, 1.87458348274231]::(228.0, 53.0, 190.0, 253.0)::(82.0, 13.0)->(2, 0)
[-15.0242156982422, -0.00965271145105362, 2.04999327659607]::(228.0, 53.0, 190.0, 253.0)::(82.0, 13.0)->(2, 0)
[-15.1394424438477, 0.044378437101841, 2.00016450881958]::(228.0, 53.0, 190.0, 253.0)::(84.0, 13.0)->(2, 0)
[-14.7813167572021, -0.285484433174133, 1.96599102020264]::(228.0, 53.0, 190.0, 253.0)::(82.0, 13.0)->(2, 0)
[-14.208306312561, -0.00145005446393043, 1.83594977855682]::(228.0, 53.0, 190.0, 253.0)::(82.0, 13.0)->(2, 0)
[-13.4273118972778, 0.383813410997391, 1.86559295654297]::(230.0, 60.0, 181.0, 241.0)::(84.0, 13.0)->(2, 0)
[-14.8059587478638, -0.0863279402256012, 1.93427348136902]::(230.0, 60.0, 181.0, 241.0)::(82.0, 13.0)->(2, 0)
[-15.4935464859009, 0.95121294260025, 1.78688764572144]::(225.0, 55.0, 192.0, 256.0)::(84.0, 13.0)->(2, 0)
[-15.3768682479858, 0.506766140460968, 1.80922603607178]::(225.0, 55.0, 192.0, 256.0)::(82.0, 13.0)->(2, 0)
[-14.9376220703125, 0.77226984500885, 1.91591739654541]::(225.0, 55.0, 192.0, 256.0)::(82.0, 13.0)->(2, 0)
[-15.2362089157104, -0.312672257423401, 2.12340211868286]::(225.0, 55.0, 192.0, 256.0)::(84.0, 13.0)->(2, 0)
[-15.456597328186, 0.470499247312546, 1.97309374809265]::(225.0, 55.0, 192.0, 256.0)::(84.0, 13.0)->(2, 0)
[-15.181586265564, 0.214203402400017, 2.00910568237305]::(225.0, 55.0, 192.0, 256.0)::(84.0, 13.0)->(2, 0)
[-15.1487197875977, 0.729950785636902, 1.89753031730652]::(225.0, 55.0, 192.0, 256.0)::(84.0, 13.0)->(2, 0)
[-15.2269897460938, 1.15402173995972, 1.75602698326111]::(225.0, 55.0, 192.0, 256.0)::(84.0, 13.0)->(2, 0)
[-16.1338539123535, 0.738521754741669, 1.98881983757019]::(225.0, 55.0, 192.0, 256.0)::(84.0, 13.0)->(2, 0)
[-14.1594219207764, 0.437650710344315, 1.58157885074615]::(226.0, 61.0, 184.0, 245.0)::(84.0, 13.0)->(2, 0)
[-15.3157138824463, 0.0641798451542854, 2.03211450576782]::(224.0, 56.0, 192.0, 256.0)::(84.0, 13.0)->(2, 0)
[-14.8255386352539, 0.325905680656433, 1.98882007598877]::(224.0, 56.0, 192.0, 256.0)::(84.0, 13.0)->(2, 0)
[-15.3769483566284, 0.779971897602081, 1.80902707576752]::(224.0, 56.0, 192.0, 256.0)::(84.0, 13.0)->(2, 0)
[-15.1264925003052, 0.230132102966309, 1.96906435489655]::(224.0, 56.0, 192.0, 256.0)::(84.0, 13.0)->(2, 0)
[-15.4731960296631, 0.273579210042953, 2.02483916282654]::(224.0, 56.0, 192.0, 256.0)::(84.0, 13.0)->(2, 0)
[-15.152681350708, 0.839605748653412, 1.77629518508911]::(224.0, 56.0, 192.0, 256.0)::(82.0, 13.0)->(2, 0)
[-14.9441432952881, 0.537978172302246, 1.90471017360687]::(224.0, 56.0, 192.0, 256.0)::(82.0, 13.0)->(2, 0)
[-14.9581813812256, 0.987973868846893, 2.04785370826721]::(224.0, 56.0, 192.0, 256.0)::(82.0, 13.0)->(2, 0)
[-15.9516477584839, 0.230342447757721, 2.18576335906982]::(224.0, 56.0, 192.0, 256.0)::(82.0, 13.0)->(2, 0)
[-15.2234401702881, 0.331155985593796, 2.14513993263245]::(224.0, 56.0, 192.0, 256.0)::(82.0, 13.0)->(2, 0)
[-15.3477611541748, 0.564854085445404, 1.8194682598114]::(224.0, 56.0, 192.0, 256.0)::(82.0, 13.0)->(2, 0)
[-14.9341917037964, 0.753926932811737, 2.0731635093689]::(224.0, 56.0, 192.0, 256.0)::(82.0, 13.0)->(2, 0)
[-14.9417629241943, 0.292122960090637, 2.05280137062073]::(224.0, 56.0, 192.0, 256.0)::(82.0, 13.0)->(2, 0)
[-15.1852149963379, 0.748300433158875, 1.88650059700012]::(224.0, 56.0, 192.0, 256.0)::(82.0, 13.0)->(2, 0)
[-14.88210105896, 0.288392901420593, 1.95093858242035]::(224.0, 56.0, 192.0, 256.0)::(82.0, 13.0)->(2, 0)
[-14.7781934738159, -0.45370689034462, 2.07666325569153]::(224.0, 56.0, 192.0, 256.0)::(82.0, 13.0)->(2, 0)
[-15.6245651245117, 0.36217600107193, 1.96704792976379]::(224.0, 56.0, 192.0, 256.0)::(82.0, 13.0)->(2, 0)
[-15.0615129470825, 0.286605328321457, 2.11673307418823]::(224.0, 56.0, 192.0, 256.0)::(82.0, 13.0)->(2, 0)
[-15.6732730865479, 0.692957520484924, 1.83547508716583]::(224.0, 56.0, 192.0, 256.0)::(84.0, 13.0)->(2, 0)
[-14.7319259643555, 0.714815616607666, 1.80531573295593]::(224.0, 56.0, 192.0, 256.0)::(84.0, 13.0)->(2, 0)
[-15.7387933731079, 0.4643335044384, 2.02313089370728]::(224.0, 56.0, 192.0, 256.0)::(84.0, 13.0)->(2, 0)
[-15.0690250396729, 0.181490734219551, 1.80262839794159]::(230.0, 58.0, 182.0, 242.0)::(84.0, 13.0)->(2, 0)
[-14.6020822525024, 0.262305080890656, 1.86365258693695]::(230.0, 58.0, 182.0, 242.0)::(84.0, 13.0)->(2, 0)
[-15.5551156997681, -0.386943846940994, 1.95432007312775]::(226.0, 59.0, 190.0, 253.0)::(84.0, 13.0)->(2, 0)
[-14.9782752990723, 0.48591423034668, 1.62530303001404]::(226.0, 59.0, 190.0, 253.0)::(84.0, 13.0)->(2, 0)
[-14.9132404327393, 0.101711854338646, 1.8755509853363]::(226.0, 59.0, 190.0, 253.0)::(82.0, 13.0)->(2, 0)
[-15.1596832275391, 0.176114961504936, 2.00856447219849]::(226.0, 59.0, 190.0, 253.0)::(84.0, 13.0)->(2, 0)
[-14.9854440689087, -0.106462590396404, 1.93775761127472]::(226.0, 59.0, 190.0, 253.0)::(84.0, 13.0)->(2, 0)
[-14.6782970428467, 0.630142152309418, 1.99724268913269]::(226.0, 59.0, 190.0, 253.0)::(82.0, 13.0)->(2, 0)
[-15.74342918396, 0.7210853099823, 1.90512204170227]::(226.0, 59.0, 190.0, 253.0)::(82.0, 13.0)->(2, 0)
[-15.0950956344604, 0.363453239202499, 2.02376461029053]::(226.0, 59.0, 190.0, 253.0)::(82.0, 13.0)->(2, 0)
[-15.4652338027954, 0.568278551101685, 1.90435683727264]::(226.0, 59.0, 190.0, 253.0)::(82.0, 13.0)->(2, 0)
[-14.4057092666626, 0.118855379521847, 2.05926537513733]::(226.0, 59.0, 190.0, 253.0)::(82.0, 13.0)->(2, 0)
[-14.4074506759644, 0.16301041841507, 2.13982915878296]::(226.0, 59.0, 190.0, 253.0)::(82.0, 13.0)->(2, 0)
[-14.7290334701538, 0.682205498218536, 1.73573303222656]::(226.0, 59.0, 190.0, 253.0)::(82.0, 13.0)->(2, 0)
[-14.5670127868652, 0.016681857407093, 2.04184746742249]::(226.0, 59.0, 190.0, 253.0)::(82.0, 13.0)->(2, 0)
[-14.2118215560913, 0.468110591173172, 2.0107524394989]::(226.0, 59.0, 190.0, 253.0)::(82.0, 13.0)->(2, 0)
[-15.226185798645, -0.0577770583331585, 2.19136691093445]::(226.0, 59.0, 190.0, 253.0)::(82.0, 13.0)->(2, 0)
[-15.392032623291, 0.762669086456299, 1.80763137340546]::(226.0, 59.0, 190.0, 253.0)::(82.0, 13.0)->(2, 0)
[-15.0428428649902, 1.10249888896942, 1.85377287864685]::(226.0, 59.0, 190.0, 253.0)::(82.0, 13.0)->(2, 0)
[-14.7389574050903, 0.31603991985321, 1.90150094032288]::(226.0, 59.0, 190.0, 253.0)::(82.0, 13.0)->(2, 0)
[-14.4557800292969, 0.894845604896545, 1.82793772220612]::(226.0, 59.0, 190.0, 253.0)::(82.0, 13.0)->(2, 0)
[-14.5269451141357, -0.232054531574249, 1.91674602031708]::(226.0, 59.0, 190.0, 253.0)::(82.0, 13.0)->(2, 0)
[-14.7764177322388, 0.6656733751297, 1.92233097553253]::(226.0, 59.0, 190.0, 253.0)::(82.0, 13.0)->(2, 0)
[-14.8002281188965, 0.241743236780167, 2.0259485244751]::(226.0, 59.0, 190.0, 253.0)::(82.0, 13.0)->(2, 0)
[-15.3512325286865, 0.249914035201073, 1.9279750585556]::(226.0, 59.0, 190.0, 253.0)::(82.0, 13.0)->(2, 0)
[-14.8017854690552, 0.501195311546326, 1.88359689712524]::(226.0, 59.0, 190.0, 253.0)::(82.0, 13.0)->(2, 0)
[-15.1772060394287, -0.182635992765427, 1.9099315404892]::(226.0, 59.0, 190.0, 253.0)::(82.0, 13.0)->(2, 0)
[-15.3663959503174, 0.465317159891129, 1.86682045459747]::(226.0, 59.0, 190.0, 253.0)::(82.0, 13.0)->(2, 0)
[-15.3444213867188, 0.0472678244113922, 1.86998760700226]::(226.0, 59.0, 190.0, 253.0)::(82.0, 13.0)->(2, 0)
[-15.011417388916, 0.476401686668396, 1.79373514652252]::(226.0, 59.0, 190.0, 253.0)::(82.0, 13.0)->(2, 0)
[-14.7570915222168, 0.899207532405853, 1.75080788135529]::(226.0, 59.0, 190.0, 253.0)::(84.0, 13.0)->(2, 0)
[-14.0428152084351, 0.412342071533203, 1.9561755657196]::(226.0, 59.0, 190.0, 253.0)::(79.0, 13.0)->(2, 0)
[-16.1694240570068, 0.0518635287880898, 2.04133677482605]::(226.0, 59.0, 190.0, 253.0)::(82.0, 13.0)->(2, 0)
[-14.392204284668, 0.989530503749847, 1.80543482303619]::(226.0, 59.0, 190.0, 253.0)::(82.0, 13.0)->(2, 0)
[-14.8999319076538, 0.262129098176956, 1.8517050743103]::(226.0, 59.0, 190.0, 253.0)::(82.0, 13.0)->(2, 0)
[-15.1640768051147, 0.868014454841614, 1.73251330852509]::(226.0, 59.0, 190.0, 253.0)::(79.0, 13.0)->(2, 0)
[-14.2708711624146, 0.385556161403656, 1.84927010536194]::(226.0, 59.0, 190.0, 253.0)::(79.0, 13.0)->(2, 0)
[-14.5678730010986, 0.148003578186035, 2.17004323005676]::(226.0, 59.0, 190.0, 253.0)::(82.0, 13.0)->(2, 0)
[-13.9339542388916, 0.122747413814068, 1.82621312141418]::(226.0, 59.0, 190.0, 253.0)::(82.0, 13.0)->(2, 0)
[-14.3589925765991, 0.237589150667191, 2.00624465942383]::(226.0, 59.0, 190.0, 253.0)::(82.0, 13.0)->(2, 0)
[-14.9828500747681, 0.196423143148422, 1.91248965263367]::(226.0, 59.0, 190.0, 253.0)::(82.0, 13.0)->(2, 0)
[-14.3631525039673, 0.593030214309692, 1.8154388666153]::(226.0, 59.0, 190.0, 253.0)::(84.0, 13.0)->(2, 0)
[-14.5930376052856, -0.0671363696455956, 1.82327973842621]::(226.0, 59.0, 190.0, 253.0)::(82.0, 13.0)->(2, 0)
[-15.2024955749512, -0.173276051878929, 1.75114262104034]::(226.0, 59.0, 190.0, 253.0)::(84.0, 13.0)->(2, 0)
[-14.3464059829712, 0.509264588356018, 1.76033687591553]::(226.0, 59.0, 190.0, 253.0)::(82.0, 13.0)->(2, 0)
[-14.9100828170776, 0.392935514450073, 1.83697581291199]::(226.0, 59.0, 190.0, 253.0)::(82.0, 13.0)->(2, 0)
[-15.1255960464478, 0.866278827190399, 1.72096872329712]::(226.0, 59.0, 190.0, 253.0)::(82.0, 13.0)->(2, 0)
[-15.0174875259399, 0.4317786693573, 1.92404508590698]::(226.0, 59.0, 190.0, 253.0)::(82.0, 13.0)->(2, 0)
[-14.8785104751587, -0.279609084129333, 1.95000243186951]::(226.0, 59.0, 190.0, 253.0)::(82.0, 13.0)->(2, 0)
[-14.9826231002808, 0.228898882865906, 1.78497362136841]::(226.0, 59.0, 190.0, 253.0)::(82.0, 13.0)->(2, 0)
[-15.7729206085205, 1.12791049480438, 1.65539002418518]::(226.0, 59.0, 190.0, 253.0)::(82.0, 13.0)->(2, 0)
[-15.32057762146, 0.0274213701486588, 1.92326068878174]::(226.0, 59.0, 190.0, 253.0)::(82.0, 13.0)->(2, 0)
[-14.3671388626099, -0.0369159206748009, 1.7690167427063]::(226.0, 58.0, 193.0, 257.0)::(112.0, 13.0)->(3, 0)
[-15.1865673065186, 0.8076251745224, 1.80684292316437]::(226.0, 58.0, 193.0, 257.0)::(112.0, 13.0)->(3, 0)
[-14.3298482894897, 1.07500696182251, 1.63179874420166]::(226.0, 58.0, 193.0, 257.0)::(110.0, 13.0)->(3, 0)
[-14.7261352539062, 0.760162949562073, 1.55517601966858]::(226.0, 58.0, 193.0, 257.0)::(110.0, 13.0)->(3, 0)
[-14.9799928665161, 0.481778770685196, 1.6611944437027]::(226.0, 58.0, 193.0, 257.0)::(115.0, 13.0)->(3, 0)
[-15.3150634765625, 0.82337760925293, 1.62637543678284]::(226.0, 58.0, 193.0, 257.0)::(115.0, 13.0)->(3, 0)
[-16.2896327972412, 0.921633064746857, 1.75548946857452]::(226.0, 58.0, 193.0, 257.0)::(110.0, 13.0)->(3, 0)
[-14.7374563217163, 0.994994521141052, 1.53793811798096]::(226.0, 58.0, 193.0, 257.0)::(110.0, 13.0)->(3, 0)
[-15.1000728607178, -0.518630683422089, 1.77270948886871]::(226.0, 58.0, 193.0, 257.0)::(110.0, 13.0)->(3, 0)
[-15.7510023117065, 0.0824690908193588, 1.76764535903931]::(226.0, 58.0, 193.0, 257.0)::(110.0, 13.0)->(3, 0)
[-15.112193107605, 0.0487409457564354, 1.80023062229156]::(226.0, 58.0, 193.0, 257.0)::(112.0, 13.0)->(3, 0)
[-15.3996486663818, 0.278169423341751, 1.66873347759247]::(226.0, 58.0, 193.0, 257.0)::(112.0, 13.0)->(3, 0)
[-14.4093141555786, 0.51140683889389, 1.53533756732941]::(226.0, 58.0, 193.0, 257.0)::(112.0, 13.0)->(3, 0)
[-14.1904468536377, -0.428849190473557, 1.6314662694931]::(226.0, 58.0, 193.0, 257.0)::(112.0, 13.0)->(3, 0)
[-15.0680122375488, 0.190119847655296, 1.8825649023056]::(226.0, 58.0, 193.0, 257.0)::(110.0, 13.0)->(3, 0)
[-15.1464891433716, 0.58660614490509, 1.64159286022186]::(226.0, 58.0, 193.0, 257.0)::(110.0, 13.0)->(3, 0)
[-15.8206014633179, 0.437662899494171, 1.61950790882111]::(226.0, 58.0, 193.0, 257.0)::(110.0, 13.0)->(3, 0)
[-14.8094825744629, 0.847413182258606, 1.63166618347168]::(226.0, 58.0, 193.0, 257.0)::(107.0, 13.0)->(3, 0)
[-14.8828287124634, 0.123284436762333, 1.66638231277466]::(226.0, 58.0, 193.0, 257.0)::(110.0, 13.0)->(3, 0)
[-16.3138370513916, 0.135527223348618, 1.80327045917511]::(226.0, 58.0, 193.0, 257.0)::(115.0, 13.0)->(3, 0)
[-15.0703992843628, 0.489495158195496, 1.73318266868591]::(226.0, 58.0, 193.0, 257.0)::(110.0, 13.0)->(3, 0)
[-15.0364017486572, 1.20629811286926, 1.56369709968567]::(226.0, 58.0, 193.0, 257.0)::(110.0, 13.0)->(3, 0)
[-14.7595129013062, 0.266200214624405, 1.582648396492]::(226.0, 58.0, 193.0, 257.0)::(110.0, 13.0)->(3, 0)
[-15.1709604263306, 0.188984826207161, 1.67113661766052]::(226.0, 58.0, 193.0, 257.0)::(110.0, 13.0)->(3, 0)
[-15.3379278182983, 0.353371351957321, 1.73950111865997]::(226.0, 58.0, 193.0, 257.0)::(107.0, 13.0)->(3, 0)
[-15.5851650238037, 0.566583156585693, 1.74768126010895]::(226.0, 58.0, 193.0, 257.0)::(110.0, 13.0)->(3, 0)
[-14.9587173461914, 0.149840623140335, 1.82225120067596]::(226.0, 58.0, 193.0, 257.0)::(112.0, 13.0)->(3, 0)
[-15.2037620544434, 0.461601167917252, 1.73405528068542]::(226.0, 58.0, 193.0, 257.0)::(115.0, 13.0)->(3, 0)
[-15.4689302444458, 0.947846412658691, 1.47139465808868]::(226.0, 58.0, 193.0, 257.0)::(115.0, 13.0)->(3, 0)
[-15.5974369049072, 0.527325570583344, 1.67698490619659]::(226.0, 58.0, 193.0, 257.0)::(110.0, 13.0)->(3, 0)
[-15.0068702697754, -0.203412607312202, 1.79317629337311]::(226.0, 58.0, 193.0, 257.0)::(107.0, 13.0)->(3, 0)
[-15.4595203399658, -0.0905958041548729, 1.87494051456451]::(226.0, 58.0, 193.0, 257.0)::(110.0, 13.0)->(3, 0)
[-14.8377990722656, 0.368375718593597, 1.68669855594635]::(226.0, 58.0, 193.0, 257.0)::(112.0, 13.0)->(3, 0)
[-15.3622570037842, 0.769598960876465, 1.60134410858154]::(229.0, 59.0, 185.0, 246.0)::(110.0, 13.0)->(3, 0)
[-15.9923839569092, 0.451073586940765, 1.76512670516968]::(228.0, 53.0, 194.0, 258.0)::(110.0, 13.0)->(3, 0)
[-15.6934642791748, 0.915970861911774, 1.76399827003479]::(228.0, 53.0, 194.0, 258.0)::(107.0, 13.0)->(3, 0)
[-17.0318984985352, 0.268607139587402, 1.7499076128006]::(228.0, 53.0, 194.0, 258.0)::(112.0, 13.0)->(3, 0)
[-16.6944313049316, 0.452502608299255, 1.73686134815216]::(228.0, 53.0, 194.0, 258.0)::(110.0, 13.0)->(3, 0)
[-14.7955589294434, 0.560623943805695, 1.62534844875336]::(228.0, 53.0, 194.0, 258.0)::(110.0, 13.0)->(3, 0)
[-16.9764747619629, -0.0742702707648277, 1.74372386932373]::(228.0, 53.0, 194.0, 258.0)::(110.0, 13.0)->(3, 0)
[-16.4421672821045, 0.432836174964905, 1.89476346969604]::(228.0, 53.0, 194.0, 258.0)::(110.0, 13.0)->(3, 0)
[-16.7852916717529, 0.569962978363037, 1.74837672710419]::(228.0, 53.0, 194.0, 258.0)::(110.0, 13.0)->(3, 0)
[-16.5676097869873, 0.500933945178986, 1.96006691455841]::(228.0, 53.0, 194.0, 258.0)::(112.0, 13.0)->(3, 0)
[-15.8263902664185, 0.838021516799927, 1.67962956428528]::(228.0, 53.0, 194.0, 258.0)::(112.0, 13.0)->(3, 0)
[-15.5133867263794, 0.388065218925476, 1.66540586948395]::(228.0, 53.0, 194.0, 258.0)::(112.0, 13.0)->(3, 0)
[-16.5139923095703, -0.3444944024086, 1.81669497489929]::(228.0, 53.0, 194.0, 258.0)::(110.0, 13.0)->(3, 0)
[-16.26243019104, -0.728387832641602, 1.80244815349579]::(228.0, 53.0, 194.0, 258.0)::(110.0, 13.0)->(3, 0)
[-16.6601524353027, 0.190780386328697, 1.50478184223175]::(228.0, 53.0, 194.0, 258.0)::(110.0, 13.0)->(3, 0)
[-16.0129871368408, 0.269219934940338, 1.77990102767944]::(228.0, 53.0, 194.0, 258.0)::(110.0, 13.0)->(3, 0)
[-16.5162887573242, 0.437064856290817, 1.84899961948395]::(228.0, 53.0, 194.0, 258.0)::(107.0, 13.0)->(3, 0)
[-16.0715885162354, 0.832589685916901, 1.50013041496277]::(228.0, 53.0, 194.0, 258.0)::(110.0, 13.0)->(3, 0)
[-16.2070064544678, -0.156975582242012, 1.77339828014374]::(228.0, 53.0, 194.0, 258.0)::(107.0, 13.0)->(3, 0)
[-16.3062534332275, 0.264204382896423, 1.72643935680389]::(228.0, 53.0, 194.0, 258.0)::(110.0, 13.0)->(3, 0)
[-15.7119474411011, -0.0612187311053276, 1.7560943365097]::(228.0, 53.0, 194.0, 258.0)::(110.0, 13.0)->(3, 0)
[-15.8090963363647, 0.385365217924118, 1.64508378505707]::(228.0, 53.0, 194.0, 258.0)::(112.0, 13.0)->(3, 0)
[-16.1067371368408, 0.00381297990679741, 1.87634134292603]::(228.0, 53.0, 194.0, 258.0)::(110.0, 13.0)->(3, 0)
[-15.9458045959473, 0.952848553657532, 1.58923280239105]::(228.0, 53.0, 194.0, 258.0)::(110.0, 13.0)->(3, 0)
[-15.547173500061, 0.733477771282196, 1.60532605648041]::(228.0, 53.0, 194.0, 258.0)::(110.0, 13.0)->(3, 0)
[-15.9617166519165, 0.473374634981155, 1.72925293445587]::(228.0, 53.0, 194.0, 258.0)::(110.0, 13.0)->(3, 0)
[-15.7913188934326, 1.10160136222839, 1.62782883644104]::(228.0, 53.0, 194.0, 258.0)::(110.0, 13.0)->(3, 0)
[-16.476921081543, 0.0619399845600128, 1.69009613990784]::(228.0, 53.0, 194.0, 258.0)::(110.0, 13.0)->(3, 0)
[-16.1818656921387, 0.360989034175873, 1.72141480445862]::(228.0, 53.0, 194.0, 258.0)::(110.0, 13.0)->(3, 0)
[-16.8366317749023, 0.497138261795044, 1.63411486148834]::(228.0, 53.0, 194.0, 258.0)::(107.0, 13.0)->(3, 0)
[-16.0860004425049, 0.862449407577515, 1.59181141853333]::(228.0, 53.0, 194.0, 258.0)::(110.0, 13.0)->(3, 0)
[-16.4182624816895, -0.0143221067264676, 1.72385060787201]::(228.0, 53.0, 194.0, 258.0)::(107.0, 13.0)->(3, 0)
[-15.7141275405884, 0.516048610210419, 1.71578276157379]::(228.0, 53.0, 194.0, 258.0)::(107.0, 13.0)->(3, 0)
[-16.1451148986816, -0.0416123159229755, 1.7224508523941]::(228.0, 53.0, 194.0, 258.0)::(105.0, 13.0)->(3, 0)
[-15.3940629959106, 0.356278479099274, 1.70917534828186]::(228.0, 53.0, 194.0, 258.0)::(105.0, 13.0)->(3, 0)
[-15.2244510650635, 0.359568119049072, 1.73982608318329]::(228.0, 53.0, 194.0, 258.0)::(110.0, 13.0)->(3, 0)
[-14.4550762176514, 0.476354837417603, 1.73551249504089]::(228.0, 53.0, 194.0, 258.0)::(110.0, 13.0)->(3, 0)
[-15.7051677703857, 0.829389274120331, 1.58557093143463]::(228.0, 53.0, 194.0, 258.0)::(112.0, 13.0)->(3, 0)
[-15.70530128479, 0.358206480741501, 1.40206694602966]::(228.0, 53.0, 194.0, 258.0)::(112.0, 13.0)->(3, 0)
[-14.9930896759033, 0.670563876628876, 1.71488010883331]::(228.0, 53.0, 194.0, 258.0)::(112.0, 13.0)->(3, 0)
[-15.8096561431885, 0.353410094976425, 1.73978936672211]::(228.0, 53.0, 194.0, 258.0)::(112.0, 13.0)->(3, 0)
[-15.7814378738403, -0.644237101078033, 1.57859790325165]::(228.0, 53.0, 194.0, 258.0)::(115.0, 13.0)->(3, 0)
[-16.3041725158691, 0.446541488170624, 1.56297445297241]::(228.0, 53.0, 194.0, 258.0)::(112.0, 13.0)->(3, 0)
[-16.4802932739258, 0.0186915062367916, 1.61676430702209]::(228.0, 53.0, 194.0, 258.0)::(112.0, 13.0)->(3, 0)
[-15.4426240921021, 0.995589971542358, 1.43360042572021]::(228.0, 53.0, 194.0, 258.0)::(115.0, 13.0)->(3, 0)
[-15.1996145248413, 0.585858762264252, 1.48611032962799]::(228.0, 53.0, 194.0, 258.0)::(112.0, 13.0)->(3, 0)
[-16.068000793457, 0.665494978427887, 1.55095481872559]::(228.0, 53.0, 194.0, 258.0)::(115.0, 13.0)->(3, 0)
[-15.1128911972046, 0.505057871341705, 1.46422815322876]::(228.0, 53.0, 194.0, 258.0)::(115.0, 13.0)->(3, 0)
[-15.724705696106, 0.821463942527771, 1.38902413845062]::(229.0, 62.0, 185.0, 246.0)::(115.0, 13.0)->(3, 0)
[-15.346700668335, 0.494003355503082, 1.37923884391785]::(229.0, 62.0, 185.0, 246.0)::(110.0, 13.0)->(3, 0)
[-16.9439582824707, 0.354270458221436, 1.31575381755829]::(225.0, 53.0, 194.0, 258.0)::(115.0, 13.0)->(3, 0)
[-15.3790435791016, 0.446583420038223, 1.62007987499237]::(225.0, 53.0, 194.0, 258.0)::(120.0, 13.0)->(3, 0)
[-15.7057981491089, 0.12205994874239, 1.54538083076477]::(225.0, 53.0, 194.0, 258.0)::(117.0, 13.0)->(3, 0)
[-16.3654823303223, 0.548032224178314, 1.3317734003067]::(225.0, 53.0, 194.0, 258.0)::(115.0, 13.0)->(3, 0)
[-16.8074569702148, 0.907557010650635, 1.44113802909851]::(225.0, 53.0, 194.0, 258.0)::(112.0, 13.0)->(3, 0)
[-16.441764831543, -0.0395583249628544, 1.51742112636566]::(225.0, 53.0, 194.0, 258.0)::(117.0, 13.0)->(3, 0)
[-15.9954919815063, 0.265316396951675, 1.489590883255]::(225.0, 53.0, 194.0, 258.0)::(115.0, 13.0)->(3, 0)
[-15.0501222610474, -0.154058307409286, 1.28042387962341]::(233.0, 55.0, 185.0, 246.0)::(147.0, 13.0)->(4, 0)
[-14.6353073120117, 0.156360268592834, 1.32409131526947]::(233.0, 55.0, 185.0, 246.0)::(147.0, 13.0)->(4, 0)
[-14.6419811248779, 0.0398813970386982, 1.25836670398712]::(233.0, 55.0, 185.0, 246.0)::(147.0, 13.0)->(4, 0)
[-14.8427267074585, 0.433802366256714, 1.15127396583557]::(233.0, 55.0, 185.0, 246.0)::(147.0, 13.0)->(4, 0)
[-15.1728096008301, -0.234262704849243, 1.28189051151276]::(233.0, 55.0, 185.0, 246.0)::(147.0, 13.0)->(4, 0)
[-14.4626970291138, -0.504218995571136, 1.19780099391937]::(233.0, 55.0, 185.0, 246.0)::(138.0, 13.0)->(4, 0)
[-15.4745378494263, 0.298821330070496, 1.1500152349472]::(233.0, 55.0, 185.0, 246.0)::(135.0, 13.0)->(4, 0)
[-15.5123386383057, 0.275381773710251, 1.02590990066528]::(233.0, 55.0, 185.0, 246.0)::(135.0, 13.0)->(4, 0)
[-15.8011770248413, 0.111140258610249, 1.11554837226868]::(233.0, 55.0, 185.0, 246.0)::(138.0, 13.0)->(4, 0)
[-15.012279510498, 0.319907546043396, 1.26003766059875]::(233.0, 55.0, 185.0, 246.0)::(138.0, 13.0)->(4, 0)
[-15.5850114822388, 0.30741274356842, 1.04283142089844]::(233.0, 55.0, 185.0, 246.0)::(135.0, 13.0)->(4, 0)
[-16.0672988891602, 0.135867103934288, 1.267733335495]::(233.0, 55.0, 185.0, 246.0)::(135.0, 13.0)->(4, 0)
[-15.7217979431152, 0.261182814836502, 1.22330927848816]::(233.0, 55.0, 185.0, 246.0)::(138.0, 13.0)->(4, 0)
[-15.4575614929199, 0.253290563821793, 1.17378282546997]::(233.0, 55.0, 185.0, 246.0)::(135.0, 13.0)->(4, 0)
[-15.5180768966675, 0.269466429948807, 1.24400782585144]::(233.0, 55.0, 185.0, 246.0)::(133.0, 13.0)->(4, 0)
[-15.2369213104248, 0.511040687561035, 1.42166769504547]::(233.0, 55.0, 185.0, 246.0)::(135.0, 13.0)->(4, 0)
[-15.0889806747437, -0.0847164839506149, 1.24057579040527]::(233.0, 55.0, 185.0, 246.0)::(133.0, 13.0)->(4, 0)
[-16.1488914489746, -0.0401642508804798, 1.24573254585266]::(233.0, 55.0, 185.0, 246.0)::(130.0, 13.0)->(4, 0)
[-15.6374807357788, 0.877926349639893, 1.23700225353241]::(229.0, 53.0, 193.0, 257.0)::(130.0, 13.0)->(4, 0)
[-17.2914733886719, 0.275855123996735, 1.14817380905151]::(229.0, 53.0, 193.0, 257.0)::(125.0, 13.0)->(4, 0)
[-15.7393140792847, 0.861984968185425, 1.13077759742737]::(229.0, 53.0, 193.0, 257.0)::(128.0, 13.0)->(4, 0)
[-15.7125120162964, 1.05579936504364, 1.07402396202087]::(229.0, 53.0, 193.0, 257.0)::(125.0, 13.0)->(4, 0)
[-16.5151081085205, 0.586557388305664, 1.28418982028961]::(229.0, 53.0, 193.0, 257.0)::(130.0, 13.0)->(4, 0)
[-15.8089408874512, 0.666791915893555, 1.15459930896759]::(229.0, 53.0, 193.0, 257.0)::(130.0, 13.0)->(4, 0)
[-16.6953201293945, 0.811491668224335, 1.10646021366119]::(229.0, 53.0, 193.0, 257.0)::(130.0, 13.0)->(4, 0)
[-15.8262090682983, 0.449040234088898, 1.18495202064514]::(229.0, 53.0, 193.0, 257.0)::(130.0, 13.0)->(4, 0)
[-16.0241565704346, 0.523025095462799, 1.13478267192841]::(229.0, 53.0, 193.0, 257.0)::(130.0, 13.0)->(4, 0)
[-16.3806209564209, 0.457996219396591, 1.21871531009674]::(229.0, 53.0, 193.0, 257.0)::(125.0, 13.0)->(4, 0)
[-15.8244895935059, 0.815572798252106, 1.06902229785919]::(229.0, 53.0, 193.0, 257.0)::(130.0, 13.0)->(4, 0)
[-15.4949808120728, 0.595422923564911, 1.09872221946716]::(229.0, 53.0, 193.0, 257.0)::(125.0, 13.0)->(4, 0)
[-16.4257736206055, 0.538055717945099, 1.31360566616058]::(229.0, 53.0, 193.0, 257.0)::(130.0, 13.0)->(4, 0)
[-16.280574798584, 0.401071578264236, 1.04248559474945]::(229.0, 53.0, 193.0, 257.0)::(130.0, 13.0)->(4, 0)
[-15.3936157226562, 0.833406269550323, 1.06598305702209]::(232.0, 55.0, 185.0, 246.0)::(133.0, 13.0)->(4, 0)
[-16.5414505004883, 0.428728580474854, 1.27695333957672]::(227.0, 49.0, 196.0, 261.0)::(133.0, 13.0)->(4, 0)
[-15.350564956665, 0.362396001815796, 1.031289935112]::(235.0, 59.0, 183.0, 244.0)::(123.0, 13.0)->(4, 0)
[-15.8432579040527, 0.360665827989578, 1.20876729488373]::(235.0, 59.0, 183.0, 244.0)::(130.0, 13.0)->(4, 0)
[-15.8319244384766, 0.695930242538452, 0.919123530387878]::(235.0, 59.0, 183.0, 244.0)::(117.0, 13.0)->(4, 0)
[-15.4403705596924, 0.466771125793457, 0.912115216255188]::(228.0, 50.0, 193.0, 257.0)::(115.0, 13.0)->(4, 0)
[-15.6717071533203, 0.475886762142181, 1.18525147438049]::(228.0, 50.0, 193.0, 257.0)::(117.0, 13.0)->(4, 0)
[-15.2988405227661, 1.03946328163147, 0.989514827728271]::(228.0, 50.0, 193.0, 257.0)::(128.0, 13.0)->(4, 0)
[-17.1013317108154, 0.687955141067505, 1.05845165252686]::(228.0, 50.0, 193.0, 257.0)::(128.0, 13.0)->(4, 0)
[-15.4558658599854, 0.573669791221619, 0.945940673351288]::(228.0, 50.0, 193.0, 257.0)::(117.0, 13.0)->(4, 0)
[-15.8890724182129, 0.178740069270134, 1.17644429206848]::(228.0, 50.0, 193.0, 257.0)::(128.0, 13.0)->(4, 0)
[-15.6528177261353, -0.356279253959656, 1.05674064159393]::(228.0, 50.0, 193.0, 257.0)::(120.0, 13.0)->(4, 0)
[-16.0852394104004, 0.611913084983826, 1.20152807235718]::(228.0, 50.0, 193.0, 257.0)::(138.0, 13.0)->(4, 0)
[-14.9883584976196, 1.11693775653839, 1.11429345607758]::(228.0, 50.0, 193.0, 257.0)::(123.0, 13.0)->(4, 0)
[-15.743275642395, 0.111126765608788, 1.09845721721649]::(234.0, 55.0, 184.0, 245.0)::(146.0, 13.0)->(4, 0)
[-16.8579483032227, -0.0388727858662605, 1.18961524963379]::(234.0, 55.0, 184.0, 245.0)::(146.0, 13.0)->(4, 0)
[-16.0609760284424, 0.324560433626175, 1.04683601856232]::(234.0, 55.0, 184.0, 245.0)::(130.0, 13.0)->(4, 0)
[-16.0638065338135, 0.31733301281929, 1.03788185119629]::(234.0, 55.0, 184.0, 245.0)::(130.0, 13.0)->(4, 0)
[-15.2023706436157, 0.205947428941727, 1.13177466392517]::(227.0, 48.0, 198.0, 264.0)::(123.0, 13.0)->(4, 0)
[-15.5460910797119, -0.0884205922484398, 1.04527652263641]::(230.0, 58.0, 187.0, 249.0)::(123.0, 13.0)->(4, 0)
[-15.6167030334473, 0.355657637119293, 0.863311588764191]::(230.0, 58.0, 187.0, 249.0)::(130.0, 13.0)->(4, 0)
[-15.5905199050903, 0.448168307542801, 1.11353302001953]::(227.0, 47.0, 195.0, 260.0)::(128.0, 13.0)->(4, 0)
[-17.4070816040039, 0.560718715190887, 1.1230685710907]::(227.0, 47.0, 195.0, 260.0)::(128.0, 13.0)->(4, 0)
[-15.1871576309204, 0.899046301841736, 0.778747260570526]::(227.0, 47.0, 195.0, 260.0)::(123.0, 13.0)->(4, 0)
[-15.8998117446899, 0.530930936336517, 1.20018947124481]::(227.0, 47.0, 195.0, 260.0)::(123.0, 13.0)->(4, 0)
[-16.1530933380127, 0.915927529335022, 1.03303503990173]::(233.0, 52.0, 186.0, 248.0)::(128.0, 13.0)->(4, 0)
[-16.0985698699951, 0.0697846114635468, 1.21198534965515]::(233.0, 52.0, 186.0, 248.0)::(128.0, 13.0)->(4, 0)
[-16.6121864318848, 0.534890711307526, 1.06538045406342]::(233.0, 52.0, 186.0, 248.0)::(128.0, 13.0)->(4, 0)
[-16.6805305480957, 0.365950107574463, 1.1794798374176]::(233.0, 52.0, 186.0, 248.0)::(128.0, 13.0)->(4, 0)
[-16.8343334197998, -0.0563829503953457, 1.12293231487274]::(233.0, 52.0, 186.0, 248.0)::(130.0, 13.0)->(4, 0)
[-16.4210662841797, 0.805727243423462, 0.861116230487823]::(233.0, 52.0, 186.0, 248.0)::(128.0, 13.0)->(4, 0)
[-15.2927694320679, 1.05052375793457, 1.0420333147049]::(233.0, 52.0, 186.0, 248.0)::(130.0, 13.0)->(4, 0)
[-15.4867286682129, 0.575218021869659, 1.06343722343445]::(233.0, 52.0, 186.0, 248.0)::(128.0, 13.0)->(4, 0)
[-15.8108329772949, 0.667519390583038, 1.0922566652298]::(233.0, 52.0, 186.0, 248.0)::(128.0, 13.0)->(4, 0)
[-16.4192733764648, 0.640501022338867, 1.20146918296814]::(233.0, 52.0, 186.0, 248.0)::(128.0, 13.0)->(4, 0)
[-16.1493797302246, 1.15035998821259, 1.04266893863678]::(233.0, 52.0, 186.0, 248.0)::(128.0, 13.0)->(4, 0)
[-14.9358720779419, 0.715756833553314, 0.989902853965759]::(233.0, 52.0, 186.0, 248.0)::(128.0, 13.0)->(4, 0)
[-16.3969421386719, 0.520974397659302, 1.01552486419678]::(233.0, 52.0, 186.0, 248.0)::(128.0, 13.0)->(4, 0)
[-16.1246490478516, 0.65333217382431, 1.00533699989319]::(233.0, 52.0, 186.0, 248.0)::(128.0, 13.0)->(4, 0)
[-15.8518943786621, 0.350065976381302, 1.26196134090424]::(233.0, 52.0, 186.0, 248.0)::(128.0, 13.0)->(4, 0)
[-16.1258125305176, -0.230152055621147, 1.16053938865662]::(233.0, 52.0, 186.0, 248.0)::(128.0, 13.0)->(4, 0)
[-15.9248695373535, 1.18866515159607, 0.837137460708618]::(233.0, 52.0, 186.0, 248.0)::(128.0, 13.0)->(4, 0)
[-15.8055219650269, 0.728653490543365, 0.996160924434662]::(233.0, 52.0, 186.0, 248.0)::(128.0, 13.0)->(4, 0)
[-16.1738796234131, 0.748754918575287, 1.10731327533722]::(233.0, 52.0, 186.0, 248.0)::(130.0, 13.0)->(4, 0)
[-15.5245151519775, 0.907536506652832, 0.948100924491882]::(233.0, 52.0, 186.0, 248.0)::(130.0, 13.0)->(4, 0)
[-16.0699844360352, 1.23257052898407, 0.878552615642548]::(233.0, 52.0, 186.0, 248.0)::(128.0, 13.0)->(4, 0)
[-15.8953819274902, 0.42420169711113, 0.985233962535858]::(233.0, 52.0, 186.0, 248.0)::(128.0, 13.0)->(4, 0)
[-15.5080556869507, 0.346580862998962, 1.15024507045746]::(233.0, 52.0, 186.0, 248.0)::(128.0, 13.0)->(4, 0)
[-15.5261964797974, 0.546922326087952, 1.18725776672363]::(233.0, 52.0, 186.0, 248.0)::(128.0, 13.0)->(4, 0)
[-16.2652606964111, 0.514735877513885, 0.938709914684296]::(233.0, 52.0, 186.0, 248.0)::(128.0, 13.0)->(4, 0)
[-15.3096971511841, 0.946424305438995, 0.929553866386414]::(233.0, 52.0, 186.0, 248.0)::(130.0, 13.0)->(4, 0)
[-15.6841993331909, 0.137264341115952, 0.908321917057037]::(233.0, 52.0, 186.0, 248.0)::(130.0, 13.0)->(4, 0)
[-15.923623085022, -0.354161769151688, 1.05508935451508]::(233.0, 52.0, 186.0, 248.0)::(130.0, 13.0)->(4, 0)
[-15.95361328125, 0.160155206918716, 1.04540383815765]::(233.0, 52.0, 186.0, 248.0)::(130.0, 13.0)->(4, 0)
[-16.0841522216797, 0.428151875734329, 0.996325492858887]::(233.0, 52.0, 186.0, 248.0)::(130.0, 13.0)->(4, 0)
[-16.7144145965576, 0.841045439243317, 1.05707764625549]::(233.0, 52.0, 186.0, 248.0)::(130.0, 13.0)->(4, 0)
[-16.453426361084, 0.768730759620667, 0.922892391681671]::(233.0, 52.0, 186.0, 248.0)::(130.0, 13.0)->(4, 0)
[-16.7139949798584, 0.646864533424377, 1.10014367103577]::(233.0, 52.0, 186.0, 248.0)::(130.0, 13.0)->(4, 0)
