[-17.2799282073975, 19.5839290618896, -2.42275929450989]::(240.0, 73.0, 153.0, 204.0)::(48.0, 10.0)->(0, 0)
[-17.6528434753418, 18.5467624664307, -2.38791513442993]::(243.0, 80.0, 143.0, 190.0)::(48.0, 10.0)->(0, 0)
[-17.9784851074219, 19.5039749145508, -2.60690784454346]::(239.0, 71.0, 156.0, 208.0)::(48.0, 10.0)->(0, 0)
[-17.686336517334, 20.2245597839355, -2.74277067184448]::(239.0, 71.0, 156.0, 208.0)::(48.0, 10.0)->(0, 0)
[-18.1385860443115, 18.5962352752686, -2.38533306121826]::(239.0, 71.0, 156.0, 208.0)::(51.0, 10.0)->(0, 0)
[-18.8668651580811, 18.1491584777832, -2.24893951416016]::(239.0, 71.0, 156.0, 208.0)::(51.0, 10.0)->(0, 0)
[-18.2496032714844, 19.69801902771, -2.64849352836609]::(239.0, 71.0, 156.0, 208.0)::(51.0, 10.0)->(0, 0)
[-18.3829708099365, 19.5817070007324, -2.71179342269897]::(239.0, 71.0, 156.0, 208.0)::(48.0, 10.0)->(0, 0)
[-18.0180759429932, 19.4485988616943, -2.23649787902832]::(239.0, 71.0, 156.0, 208.0)::(48.0, 10.0)->(0, 0)
[-19.5071315765381, 18.9646282196045, -2.43769454956055]::(239.0, 71.0, 156.0, 208.0)::(48.0, 10.0)->(0, 0)
[-18.4224720001221, 19.0541305541992, -2.39661478996277]::(239.0, 71.0, 156.0, 208.0)::(48.0, 10.0)->(0, 0)
[-17.3946514129639, 18.4390888214111, -2.02023839950562]::(239.0, 71.0, 156.0, 208.0)::(48.0, 10.0)->(0, 0)
[-18.8219528198242, 18.2949676513672, -2.45200705528259]::(239.0, 71.0, 156.0, 208.0)::(51.0, 10.0)->(0, 0)
[-19.2155952453613, 19.9357318878174, -2.7696807384491]::(239.0, 71.0, 156.0, 208.0)::(48.0, 10.0)->(0, 0)
[-17.4532032012939, 18.332088470459, -2.07212066650391]::(241.0, 77.0, 146.0, 194.0)::(48.0, 10.0)->(0, 0)
[-17.7545375823975, 19.0068073272705, -1.98505342006683]::(241.0, 77.0, 146.0, 194.0)::(48.0, 10.0)->(0, 0)
[-16.4510154724121, 19.7466983795166, -2.02827453613281]::(241.0, 77.0, 146.0, 194.0)::(48.0, 10.0)->(0, 0)
[-18.5558242797852, 19.360818862915, -2.39197373390198]::(240.0, 72.0, 156.0, 208.0)::(54.0, 10.0)->(0, 0)
[-17.804048538208, 19.1976718902588, -2.13870692253113]::(240.0, 72.0, 156.0, 208.0)::(48.0, 10.0)->(0, 0)
[-16.4354667663574, 18.7284545898438, -1.97231829166412]::(243.0, 75.0, 147.0, 196.0)::(48.0, 10.0)->(0, 0)
[-17.7280292510986, 18.1578807830811, -2.12004423141479]::(243.0, 75.0, 147.0, 196.0)::(51.0, 10.0)->(0, 0)
[-17.7914962768555, 19.4041690826416, -2.22308540344238]::(243.0, 75.0, 147.0, 196.0)::(51.0, 10.0)->(0, 0)
[-16.8377780914307, 19.9908905029297, -2.12031531333923]::(243.0, 75.0, 147.0, 196.0)::(51.0, 10.0)->(0, 0)
[-16.9999046325684, 19.5283527374268, -2.07715392112732]::(243.0, 75.0, 147.0, 196.0)::(48.0, 10.0)->(0, 0)
[-17.5038814544678, 19.7211074829102, -2.18426609039307]::(243.0, 75.0, 147.0, 196.0)::(51.0, 10.0)->(0, 0)
[-18.1707782745361, 18.9561996459961, -2.13018918037415]::(243.0, 75.0, 147.0, 196.0)::(54.0, 10.0)->(0, 0)
[-17.2374534606934, 20.1133804321289, -2.04704880714417]::(243.0, 75.0, 147.0, 196.0)::(54.0, 10.0)->(0, 0)
[-17.3763809204102, 20.1075077056885, -2.10457420349121]::(243.0, 75.0, 147.0, 196.0)::(54.0, 10.0)->(0, 0)
[-17.4043006896973, 19.9535217285156, -2.27585577964783]::(243.0, 75.0, 147.0, 196.0)::(51.0, 10.0)->(0, 0)
[-16.9995098114014, 19.5195083618164, -2.2366099357605]::(243.0, 75.0, 147.0, 196.0)::(51.0, 10.0)->(0, 0)
[-18.4956912994385, 19.0154838562012, -2.17781972885132]::(243.0, 75.0, 147.0, 196.0)::(51.0, 10.0)->(0, 0)
[-18.5311393737793, 19.0280647277832, -2.26302862167358]::(243.0, 75.0, 147.0, 196.0)::(51.0, 10.0)->(0, 0)
[-19.0853118896484, 19.045970916748, -2.57440185546875]::(243.0, 75.0, 147.0, 196.0)::(54.0, 10.0)->(0, 0)
[-17.955545425415, 19.252836227417, -2.11972093582153]::(243.0, 75.0, 147.0, 196.0)::(51.0, 10.0)->(0, 0)
[-17.7269649505615, 19.7596035003662, -2.39070820808411]::(243.0, 75.0, 147.0, 196.0)::(48.0, 10.0)->(0, 0)
[-17.6064968109131, 18.7597846984863, -2.35813117027283]::(243.0, 75.0, 147.0, 196.0)::(54.0, 10.0)->(0, 0)
[-17.7015399932861, 19.5330696105957, -2.14838242530823]::(243.0, 75.0, 147.0, 196.0)::(51.0, 10.0)->(0, 0)
[-17.1401081085205, 18.9408702850342, -1.97413647174835]::(239.0, 72.0, 157.0, 209.0)::(51.0, 10.0)->(0, 0)
[-18.696231842041, 19.1266326904297, -2.33318686485291]::(239.0, 72.0, 157.0, 209.0)::(51.0, 10.0)->(0, 0)
[-17.534912109375, 20.6138210296631, -2.24151825904846]::(241.0, 74.0, 144.0, 192.0)::(57.0, 10.0)->(0, 0)
[-17.102258682251, 21.69606590271, -2.40937280654907]::(241.0, 74.0, 144.0, 192.0)::(57.0, 10.0)->(0, 0)
[-17.1289672851562, 20.3113460540771, -2.09975457191467]::(241.0, 74.0, 144.0, 192.0)::(57.0, 10.0)->(0, 0)
[-18.9565200805664, 18.4237194061279, -2.67405462265015]::(243.0, 72.0, 154.0, 205.0)::(54.0, 10.0)->(0, 0)
[-18.3275089263916, 19.9053363800049, -2.70456457138062]::(243.0, 72.0, 154.0, 205.0)::(57.0, 10.0)->(0, 0)
[-18.1585693359375, 19.4708652496338, -2.26101160049438]::(243.0, 72.0, 154.0, 205.0)::(51.0, 10.0)->(0, 0)
[-16.8317565917969, 19.1760482788086, -2.21814703941345]::(243.0, 72.0, 154.0, 205.0)::(51.0, 10.0)->(0, 0)
[-18.7493991851807, 20.1002902984619, -2.74228525161743]::(243.0, 72.0, 154.0, 205.0)::(51.0, 10.0)->(0, 0)
[-18.0194187164307, 19.2899265289307, -2.48167538642883]::(243.0, 72.0, 154.0, 205.0)::(51.0, 10.0)->(0, 0)
[-18.68874168396, 19.6200847625732, -2.92426156997681]::(243.0, 72.0, 154.0, 205.0)::(54.0, 10.0)->(0, 0)
[-17.5247344970703, 18.7720260620117, -2.2604660987854]::(242.0, 77.0, 146.0, 194.0)::(54.0, 10.0)->(0, 0)
[-17.3464813232422, 18.8541240692139, -2.23309230804443]::(242.0, 77.0, 146.0, 194.0)::(54.0, 10.0)->(0, 0)
[-17.6983814239502, 18.9532718658447, -2.26946544647217]::(240.0, 71.0, 154.0, 205.0)::(54.0, 10.0)->(0, 0)
[-18.7133598327637, 19.2412071228027, -2.50431632995605]::(240.0, 71.0, 154.0, 205.0)::(54.0, 10.0)->(0, 0)
[-18.4410514831543, 19.2719173431396, -2.51933455467224]::(240.0, 71.0, 154.0, 205.0)::(54.0, 10.0)->(0, 0)
[-19.1381740570068, 18.5853309631348, -2.46826481819153]::(240.0, 71.0, 154.0, 205.0)::(48.0, 10.0)->(0, 0)
[-17.8313694000244, 18.864429473877, -2.45161652565002]::(240.0, 71.0, 154.0, 205.0)::(54.0, 10.0)->(0, 0)
[-18.2669658660889, 19.7476673126221, -2.48135471343994]::(242.0, 77.0, 144.0, 192.0)::(48.0, 10.0)->(0, 0)
[-17.3264560699463, 20.3537940979004, -2.18375563621521]::(242.0, 77.0, 144.0, 192.0)::(51.0, 10.0)->(0, 0)
[-17.1669445037842, 19.8181705474854, -2.20492053031921]::(242.0, 77.0, 144.0, 192.0)::(48.0, 10.0)->(0, 0)
[-17.9518890380859, 19.1225280761719, -2.24827766418457]::(242.0, 77.0, 144.0, 192.0)::(48.0, 10.0)->(0, 0)
[-17.474006652832, 19.2701015472412, -2.21108818054199]::(242.0, 77.0, 144.0, 192.0)::(54.0, 10.0)->(0, 0)
[-17.1363391876221, 19.2732601165771, -1.91485595703125]::(242.0, 77.0, 144.0, 192.0)::(54.0, 10.0)->(0, 0)
[-16.9211025238037, 19.28932762146, -2.2306923866272]::(242.0, 77.0, 144.0, 192.0)::(51.0, 10.0)->(0, 0)
[-17.258846282959, 18.6923122406006, -2.20561909675598]::(242.0, 77.0, 144.0, 192.0)::(48.0, 10.0)->(0, 0)
[-17.3017826080322, 18.826416015625, -2.07562446594238]::(242.0, 77.0, 144.0, 192.0)::(48.0, 10.0)->(0, 0)
[-16.619270324707, 19.0545787811279, -2.09662055969238]::(242.0, 77.0, 144.0, 192.0)::(54.0, 10.0)->(0, 0)
[-17.4631214141846, 19.2343444824219, -2.27249002456665]::(242.0, 77.0, 144.0, 192.0)::(48.0, 10.0)->(0, 0)
[-17.8140907287598, 19.1298637390137, -2.28922295570374]::(242.0, 77.0, 144.0, 192.0)::(54.0, 10.0)->(0, 0)
[-18.0268306732178, 19.773120880127, -2.23063254356384]::(242.0, 77.0, 144.0, 192.0)::(51.0, 10.0)->(0, 0)
[-17.8692817687988, 18.7761535644531, -2.27894949913025]::(239.0, 72.0, 153.0, 204.0)::(51.0, 10.0)->(0, 0)
[-17.7837066650391, 19.1591720581055, -2.31281185150146]::(243.0, 78.0, 144.0, 192.0)::(48.0, 10.0)->(0, 0)
[-17.2282218933105, 18.4487056732178, -2.14656805992126]::(243.0, 78.0, 144.0, 192.0)::(51.0, 10.0)->(0, 0)
[-18.9483528137207, 18.5313701629639, -2.27706837654114]::(243.0, 78.0, 144.0, 192.0)::(54.0, 10.0)->(0, 0)
[-18.5927925109863, 19.1719608306885, -2.38719296455383]::(243.0, 78.0, 144.0, 192.0)::(51.0, 10.0)->(0, 0)
[-18.4476299285889, 18.87473487854, -2.43452262878418]::(243.0, 78.0, 144.0, 192.0)::(51.0, 10.0)->(0, 0)
[-17.9297637939453, 18.3391399383545, -2.01780772209167]::(239.0, 71.0, 155.0, 206.0)::(51.0, 10.0)->(0, 0)
[-18.9146060943604, 19.4747924804688, -2.62316536903381]::(239.0, 71.0, 155.0, 206.0)::(48.0, 10.0)->(0, 0)
[-17.5859909057617, 18.9747562408447, -2.09476852416992]::(239.0, 71.0, 155.0, 206.0)::(51.0, 10.0)->(0, 0)
[-17.6145095825195, 19.8947658538818, -2.47863864898682]::(239.0, 71.0, 155.0, 206.0)::(48.0, 10.0)->(0, 0)
[-17.5262012481689, 18.0492706298828, -2.30611324310303]::(239.0, 71.0, 155.0, 206.0)::(54.0, 10.0)->(0, 0)
[-18.640417098999, 19.5395908355713, -2.77663516998291]::(239.0, 71.0, 155.0, 206.0)::(48.0, 10.0)->(0, 0)
[-18.412260055542, 18.8881053924561, -2.47617387771606]::(239.0, 71.0, 155.0, 206.0)::(51.0, 10.0)->(0, 0)
[-18.0928134918213, 18.3163261413574, -2.12188792228699]::(239.0, 71.0, 155.0, 206.0)::(48.0, 10.0)->(0, 0)
[-18.2825527191162, 19.2817897796631, -2.3050799369812]::(239.0, 71.0, 155.0, 206.0)::(48.0, 10.0)->(0, 0)
[-17.3252658843994, 19.8138523101807, -1.87007534503937]::(239.0, 71.0, 155.0, 206.0)::(51.0, 10.0)->(0, 0)
[-18.4838256835938, 18.9707050323486, -2.326167345047]::(239.0, 71.0, 155.0, 206.0)::(48.0, 10.0)->(0, 0)
[-17.6388111114502, 19.207426071167, -2.22529816627502]::(239.0, 71.0, 155.0, 206.0)::(48.0, 10.0)->(0, 0)
[-18.3541831970215, 18.6297760009766, -2.14690971374512]::(239.0, 71.0, 155.0, 206.0)::(48.0, 10.0)->(0, 0)
[-18.0381336212158, 19.2276744842529, -1.95878875255585]::(239.0, 71.0, 155.0, 206.0)::(48.0, 10.0)->(0, 0)
[-18.7892684936523, 19.0026664733887, -2.20616936683655]::(239.0, 71.0, 155.0, 206.0)::(54.0, 10.0)->(0, 0)
[-17.3225154876709, 18.842830657959, -2.23499751091003]::(241.0, 77.0, 144.0, 192.0)::(75.0, 11.0)->(1, 0)
[-17.5785999298096, 19.0255184173584, -2.17963266372681]::(241.0, 77.0, 144.0, 192.0)::(75.0, 11.0)->(1, 0)
[-18.170618057251, 18.7885303497314, -2.29520058631897]::(241.0, 77.0, 144.0, 192.0)::(75.0, 11.0)->(1, 0)
[-17.9729614257812, 18.3464622497559, -2.21719121932983]::(241.0, 77.0, 144.0, 192.0)::(75.0, 11.0)->(1, 0)
[-18.4825458526611, 18.88161277771, -2.19359087944031]::(241.0, 77.0, 144.0, 192.0)::(75.0, 11.0)->(1, 0)
[-18.4123268127441, 19.366886138916, -2.02680730819702]::(241.0, 77.0, 144.0, 192.0)::(75.0, 11.0)->(1, 0)
[-18.3816604614258, 19.1229705810547, -2.21045589447021]::(241.0, 77.0, 144.0, 192.0)::(75.0, 11.0)->(1, 0)
[-18.529577255249, 19.4561138153076, -2.32979273796082]::(239.0, 72.0, 155.0, 206.0)::(75.0, 11.0)->(1, 0)
[-17.659782409668, 19.864839553833, -2.37064337730408]::(239.0, 72.0, 155.0, 206.0)::(75.0, 11.0)->(1, 0)
[-18.3614654541016, 18.7635517120361, -2.3792519569397]::(239.0, 72.0, 155.0, 206.0)::(75.0, 11.0)->(1, 0)
[-18.2064971923828, 18.863899230957, -2.51211285591125]::(239.0, 72.0, 155.0, 206.0)::(75.0, 11.0)->(1, 0)
[-19.3331546783447, 18.5917930603027, -2.51898241043091]::(239.0, 72.0, 155.0, 206.0)::(75.0, 11.0)->(1, 0)
[-19.2514820098877, 19.3023262023926, -2.56626200675964]::(239.0, 72.0, 155.0, 206.0)::(75.0, 9.0)->(1, 0)
[-19.5369491577148, 18.8453807830811, -2.54830360412598]::(239.0, 72.0, 155.0, 206.0)::(75.0, 9.0)->(1, 0)
[-18.9353923797607, 18.4233894348145, -2.30703377723694]::(239.0, 72.0, 155.0, 206.0)::(75.0, 9.0)->(1, 0)
[-18.9366931915283, 18.1109962463379, -2.27374672889709]::(239.0, 72.0, 155.0, 206.0)::(78.0, 9.0)->(1, 0)
[-19.7745876312256, 19.3737468719482, -2.50140857696533]::(239.0, 72.0, 155.0, 206.0)::(78.0, 9.0)->(1, 0)
[-19.5095844268799, 18.1744499206543, -2.62991976737976]::(239.0, 72.0, 155.0, 206.0)::(78.0, 9.0)->(1, 0)
[-19.7392997741699, 19.5331020355225, -2.77999925613403]::(239.0, 72.0, 155.0, 206.0)::(75.0, 9.0)->(1, 0)
[-18.9717140197754, 18.9429626464844, -2.4501633644104]::(239.0, 72.0, 155.0, 206.0)::(75.0, 9.0)->(1, 0)
[-19.9207305908203, 18.5173206329346, -2.74892997741699]::(239.0, 72.0, 155.0, 206.0)::(78.0, 9.0)->(1, 0)
[-19.9288368225098, 18.0802040100098, -2.84400153160095]::(239.0, 72.0, 155.0, 206.0)::(78.0, 9.0)->(1, 0)
[-19.7848262786865, 18.7630729675293, -2.71118760108948]::(239.0, 72.0, 155.0, 206.0)::(78.0, 9.0)->(1, 0)
[-18.2010383605957, 19.466911315918, -2.33737564086914]::(239.0, 72.0, 155.0, 206.0)::(78.0, 9.0)->(1, 0)
[-18.8721141815186, 19.0171546936035, -2.59268260002136]::(239.0, 72.0, 155.0, 206.0)::(78.0, 9.0)->(1, 0)
[-18.7248287200928, 18.6131477355957, -2.45564794540405]::(239.0, 72.0, 155.0, 206.0)::(78.0, 9.0)->(1, 0)
[-19.1092319488525, 19.155366897583, -2.61079812049866]::(239.0, 72.0, 155.0, 206.0)::(78.0, 9.0)->(1, 0)
[-18.9654235839844, 19.7346496582031, -2.66217136383057]::(239.0, 72.0, 155.0, 206.0)::(78.0, 9.0)->(1, 0)
[-18.9437561035156, 19.2314949035645, -2.44298458099365]::(239.0, 72.0, 155.0, 206.0)::(78.0, 9.0)->(1, 0)
[-19.1772499084473, 18.7889099121094, -2.48970365524292]::(239.0, 72.0, 155.0, 206.0)::(78.0, 9.0)->(1, 0)
[-19.4877395629883, 19.5856590270996, -2.89243841171265]::(239.0, 72.0, 155.0, 206.0)::(75.0, 9.0)->(1, 0)
[-18.737621307373, 18.5078582763672, -2.41729807853699]::(239.0, 72.0, 155.0, 206.0)::(75.0, 9.0)->(1, 0)
[-18.6548652648926, 18.8302974700928, -2.43567132949829]::(239.0, 72.0, 155.0, 206.0)::(75.0, 9.0)->(1, 0)
[-18.4412212371826, 18.5864009857178, -2.45666074752808]::(239.0, 72.0, 155.0, 206.0)::(75.0, 9.0)->(1, 0)
[-18.9033679962158, 19.4008255004883, -2.50199127197266]::(239.0, 72.0, 155.0, 206.0)::(78.0, 9.0)->(1, 0)
[-18.7912979125977, 18.7561931610107, -2.47307848930359]::(239.0, 72.0, 155.0, 206.0)::(75.0, 9.0)->(1, 0)
[-18.9617195129395, 19.5158519744873, -2.62880420684814]::(239.0, 72.0, 155.0, 206.0)::(75.0, 9.0)->(1, 0)
[-19.2128868103027, 18.7857704162598, -2.76248478889465]::(239.0, 72.0, 155.0, 206.0)::(75.0, 9.0)->(1, 0)
[-18.9947929382324, 18.6515216827393, -2.61287140846252]::(239.0, 72.0, 155.0, 206.0)::(78.0, 9.0)->(1, 0)
[-18.5829639434814, 19.429759979248, -2.49923825263977]::(239.0, 72.0, 155.0, 206.0)::(75.0, 9.0)->(1, 0)
[-19.5810031890869, 18.9295349121094, -2.79649758338928]::(243.0, 76.0, 146.0, 194.0)::(78.0, 9.0)->(1, 0)
[-18.8476810455322, 18.9861507415771, -2.63307118415833]::(243.0, 76.0, 146.0, 194.0)::(78.0, 9.0)->(1, 0)
[-18.8405017852783, 18.882345199585, -2.45906829833984]::(243.0, 76.0, 146.0, 194.0)::(72.0, 9.0)->(1, 0)
[-18.5509967803955, 18.9671840667725, -2.47345876693726]::(243.0, 76.0, 146.0, 194.0)::(78.0, 9.0)->(1, 0)
[-19.2337455749512, 19.4167938232422, -2.89175605773926]::(243.0, 76.0, 146.0, 194.0)::(60.0, 11.0)->(1, 0)
[-18.1677494049072, 18.6816062927246, -2.37615585327148]::(243.0, 76.0, 146.0, 194.0)::(69.0, 11.0)->(1, 0)
[-18.4409217834473, 19.645580291748, -2.808917760849]::(241.0, 72.0, 155.0, 206.0)::(66.0, 11.0)->(1, 0)
[-19.7533760070801, 18.3485069274902, -2.85015320777893]::(241.0, 72.0, 155.0, 206.0)::(69.0, 11.0)->(1, 0)
[-18.321475982666, 19.6266059875488, -2.37639880180359]::(241.0, 72.0, 155.0, 206.0)::(69.0, 11.0)->(1, 0)
[-19.1382884979248, 18.5980339050293, -2.7081573009491]::(241.0, 72.0, 155.0, 206.0)::(69.0, 11.0)->(1, 0)
[-19.1995468139648, 18.4481525421143, -2.43245959281921]::(241.0, 72.0, 155.0, 206.0)::(66.0, 11.0)->(1, 0)
[-19.1206092834473, 18.9836349487305, -2.39872336387634]::(241.0, 78.0, 144.0, 192.0)::(69.0, 11.0)->(1, 0)
[-18.3984794616699, 18.4479789733887, -2.33761239051819]::(240.0, 71.0, 154.0, 205.0)::(69.0, 11.0)->(1, 0)
[-18.3948383331299, 19.0462894439697, -2.42323350906372]::(240.0, 71.0, 154.0, 205.0)::(69.0, 11.0)->(1, 0)
[-18.629056930542, 18.3525371551514, -2.42203617095947]::(246.0, 81.0, 136.0, 181.0)::(69.0, 11.0)->(1, 0)
[-19.3171272277832, 17.9678840637207, -2.40894341468811]::(242.0, 75.0, 151.0, 201.0)::(69.0, 11.0)->(1, 0)
[-19.2465114593506, 17.9314403533936, -2.45838260650635]::(242.0, 75.0, 151.0, 201.0)::(69.0, 11.0)->(1, 0)
[-19.2751407623291, 18.6519393920898, -2.33509016036987]::(242.0, 75.0, 151.0, 201.0)::(69.0, 11.0)->(1, 0)
[-18.4327487945557, 18.6978492736816, -2.5459418296814]::(245.0, 78.0, 142.0, 189.0)::(69.0, 11.0)->(1, 0)
[-18.1290912628174, 18.5025253295898, -2.73467302322388]::(239.0, 71.0, 154.0, 205.0)::(69.0, 11.0)->(1, 0)
[-18.6835193634033, 18.7936248779297, -2.43178248405457]::(244.0, 75.0, 145.0, 193.0)::(69.0, 11.0)->(1, 0)
[-18.249885559082, 19.5970249176025, -2.38208055496216]::(241.0, 71.0, 158.0, 210.0)::(69.0, 11.0)->(1, 0)
[-18.8798046112061, 18.6260623931885, -2.28638243675232]::(241.0, 71.0, 158.0, 210.0)::(69.0, 11.0)->(1, 0)
[-17.5138149261475, 18.8869228363037, -2.41136336326599]::(244.0, 76.0, 143.0, 190.0)::(69.0, 11.0)->(1, 0)
[-19.4623031616211, 18.9813747406006, -2.86639976501465]::(241.0, 72.0, 153.0, 204.0)::(66.0, 11.0)->(1, 0)
[-18.8961868286133, 19.2852478027344, -2.56298017501831]::(241.0, 72.0, 153.0, 204.0)::(69.0, 11.0)->(1, 0)
[-19.3191032409668, 18.7151641845703, -2.80002665519714]::(241.0, 72.0, 153.0, 204.0)::(69.0, 11.0)->(1, 0)
[-17.4432716369629, 17.9291687011719, -2.10939979553223]::(241.0, 72.0, 153.0, 204.0)::(72.0, 11.0)->(1, 0)
[-19.401985168457, 19.0183277130127, -2.39696335792542]::(241.0, 72.0, 153.0, 204.0)::(69.0, 11.0)->(1, 0)
[-18.39306640625, 18.5819282531738, -2.4829216003418]::(243.0, 76.0, 145.0, 193.0)::(72.0, 11.0)->(1, 0)
[-19.0762519836426, 18.7006874084473, -2.68773818016052]::(240.0, 71.0, 154.0, 205.0)::(69.0, 11.0)->(1, 0)
[-19.5940685272217, 18.9321098327637, -2.56663680076599]::(240.0, 71.0, 154.0, 205.0)::(69.0, 11.0)->(1, 0)
[-18.6915531158447, 19.398983001709, -2.49700689315796]::(240.0, 71.0, 154.0, 205.0)::(69.0, 11.0)->(1, 0)
[-18.0116062164307, 17.8288097381592, -2.31300330162048]::(244.0, 77.0, 140.0, 186.0)::(69.0, 11.0)->(1, 0)
[-19.6027297973633, 18.8912334442139, -2.74152302742004]::(241.0, 72.0, 152.0, 202.0)::(72.0, 11.0)->(1, 0)
[-19.5143756866455, 18.9463005065918, -2.68068337440491]::(241.0, 72.0, 152.0, 202.0)::(69.0, 11.0)->(1, 0)
[-18.1435680389404, 18.5134353637695, -2.40561604499817]::(241.0, 72.0, 152.0, 202.0)::(69.0, 11.0)->(1, 0)
[-18.8693923950195, 18.7447738647461, -2.68069863319397]::(241.0, 72.0, 152.0, 202.0)::(72.0, 11.0)->(1, 0)
[-18.2315883636475, 18.7062549591064, -2.53970742225647]::(241.0, 72.0, 152.0, 202.0)::(69.0, 11.0)->(1, 0)
[-19.2216262817383, 18.5824031829834, -2.59532403945923]::(241.0, 72.0, 152.0, 202.0)::(69.0, 11.0)->(1, 0)
[-19.1570434570312, 19.4429969787598, -2.64000725746155]::(241.0, 72.0, 152.0, 202.0)::(69.0, 11.0)->(1, 0)
[-19.8275699615479, 19.0960826873779, -2.96175980567932]::(241.0, 72.0, 152.0, 202.0)::(72.0, 11.0)->(1, 0)
[-19.3974704742432, 19.3663520812988, -2.84505653381348]::(241.0, 72.0, 152.0, 202.0)::(69.0, 11.0)->(1, 0)
[-19.4135189056396, 19.3317737579346, -2.86339163780212]::(241.0, 72.0, 152.0, 202.0)::(69.0, 11.0)->(1, 0)
[-18.9067935943604, 18.8787326812744, -2.66547155380249]::(241.0, 72.0, 152.0, 202.0)::(69.0, 11.0)->(1, 0)
[-17.9189376831055, 17.9208126068115, -2.2676637172699]::(241.0, 72.0, 152.0, 202.0)::(69.0, 11.0)->(1, 0)
[-18.6196422576904, 19.4089946746826, -2.61894130706787]::(241.0, 72.0, 152.0, 202.0)::(66.0, 11.0)->(1, 0)
[-19.0552787780762, 18.611686706543, -2.76446223258972]::(241.0, 72.0, 152.0, 202.0)::(66.0, 11.0)->(1, 0)
[-19.5351657867432, 19.7420616149902, -2.80038261413574]::(241.0, 72.0, 152.0, 202.0)::(69.0, 11.0)->(1, 0)
[-19.5135364532471, 18.1329345703125, -2.52039289474487]::(241.0, 72.0, 152.0, 202.0)::(63.0, 11.0)->(1, 0)
[-18.7948913574219, 18.4315376281738, -2.65847706794739]::(240.0, 73.0, 150.0, 200.0)::(87.0, 11.0)->(2, 0)
[-19.2406158447266, 18.5641479492188, -2.61732983589172]::(240.0, 73.0, 150.0, 200.0)::(87.0, 11.0)->(2, 0)
[-19.0748329162598, 19.6532821655273, -2.77026057243347]::(240.0, 73.0, 150.0, 200.0)::(87.0, 11.0)->(2, 0)
[-18.7723846435547, 19.205940246582, -2.63999152183533]::(240.0, 73.0, 150.0, 200.0)::(87.0, 11.0)->(2, 0)
[-17.6561031341553, 18.7050800323486, -2.39248013496399]::(240.0, 73.0, 150.0, 200.0)::(87.0, 11.0)->(2, 0)
[-18.2322902679443, 19.4414939880371, -2.69566297531128]::(240.0, 73.0, 150.0, 200.0)::(87.0, 11.0)->(2, 0)
[-18.3230209350586, 18.3448162078857, -2.70730304718018]::(238.0, 68.0, 159.0, 212.0)::(87.0, 11.0)->(2, 0)
[-17.7009143829346, 19.263069152832, -2.74142861366272]::(242.0, 74.0, 148.0, 197.0)::(87.0, 11.0)->(2, 0)
[-19.3867435455322, 18.9565048217773, -3.03541827201843]::(240.0, 70.0, 156.0, 208.0)::(87.0, 11.0)->(2, 0)
[-18.6838874816895, 18.0881099700928, -2.56907987594604]::(241.0, 72.0, 148.0, 197.0)::(87.0, 11.0)->(2, 0)
[-18.3590755462646, 19.2372303009033, -2.80970525741577]::(241.0, 72.0, 148.0, 197.0)::(87.0, 11.0)->(2, 0)
[-17.6670722961426, 18.9345703125, -2.55105876922607]::(241.0, 72.0, 148.0, 197.0)::(87.0, 11.0)->(2, 0)
[-18.4507579803467, 18.9317569732666, -2.51956510543823]::(241.0, 72.0, 148.0, 197.0)::(87.0, 11.0)->(2, 0)
[-17.8752899169922, 18.5085144042969, -2.55494689941406]::(245.0, 78.0, 139.0, 185.0)::(87.0, 11.0)->(2, 0)
[-18.6010322570801, 19.4843883514404, -2.58426761627197]::(245.0, 78.0, 139.0, 185.0)::(87.0, 11.0)->(2, 0)
[-18.468563079834, 18.4148654937744, -2.55702781677246]::(245.0, 78.0, 139.0, 185.0)::(84.0, 11.0)->(2, 0)
[-17.5332431793213, 18.8613815307617, -2.36462235450745]::(245.0, 78.0, 139.0, 185.0)::(84.0, 11.0)->(2, 0)
[-17.6234340667725, 19.3078460693359, -2.33517789840698]::(245.0, 78.0, 139.0, 185.0)::(84.0, 11.0)->(2, 0)
[-18.0897998809814, 19.5071182250977, -2.68356084823608]::(245.0, 78.0, 139.0, 185.0)::(84.0, 11.0)->(2, 0)
[-18.6396293640137, 18.4912872314453, -2.68289041519165]::(245.0, 78.0, 139.0, 185.0)::(84.0, 11.0)->(2, 0)
[-18.1894569396973, 18.5283794403076, -2.62009835243225]::(245.0, 78.0, 139.0, 185.0)::(84.0, 11.0)->(2, 0)
[-17.7218589782715, 18.5333938598633, -2.48717498779297]::(245.0, 78.0, 139.0, 185.0)::(84.0, 11.0)->(2, 0)
[-17.9418144226074, 18.4394912719727, -2.52870535850525]::(245.0, 78.0, 139.0, 185.0)::(87.0, 11.0)->(2, 0)
[-18.5132656097412, 19.3526782989502, -2.79995942115784]::(244.0, 74.0, 147.0, 196.0)::(87.0, 11.0)->(2, 0)
[-19.7692394256592, 19.1189384460449, -3.04867935180664]::(244.0, 74.0, 147.0, 196.0)::(87.0, 11.0)->(2, 0)
[-19.8555278778076, 17.8274707794189, -2.96868467330933]::(244.0, 74.0, 147.0, 196.0)::(87.0, 11.0)->(2, 0)
[-19.3819332122803, 19.2762908935547, -2.94172143936157]::(244.0, 74.0, 147.0, 196.0)::(84.0, 11.0)->(2, 0)
[-19.5696048736572, 18.4055881500244, -2.98090577125549]::(244.0, 74.0, 147.0, 196.0)::(87.0, 11.0)->(2, 0)
[-20.1994667053223, 18.4565372467041, -3.14090871810913]::(244.0, 74.0, 147.0, 196.0)::(87.0, 11.0)->(2, 0)
[-18.6612510681152, 18.911153793335, -2.69928956031799]::(244.0, 74.0, 147.0, 196.0)::(87.0, 11.0)->(2, 0)
[-17.9363040924072, 18.7906436920166, -2.33889770507812]::(244.0, 74.0, 147.0, 196.0)::(90.0, 11.0)->(2, 0)
[-19.3084163665771, 17.9742965698242, -2.66289353370667]::(244.0, 74.0, 147.0, 196.0)::(87.0, 11.0)->(2, 0)
[-17.6001434326172, 18.3342342376709, -2.35338759422302]::(244.0, 74.0, 147.0, 196.0)::(87.0, 11.0)->(2, 0)
[-19.1270332336426, 19.2063522338867, -2.9194700717926]::(244.0, 74.0, 147.0, 196.0)::(90.0, 11.0)->(2, 0)
[-19.0015296936035, 18.6438827514648, -2.88216471672058]::(244.0, 74.0, 147.0, 196.0)::(87.0, 11.0)->(2, 0)
[-18.1639671325684, 19.352071762085, -2.50876379013062]::(244.0, 74.0, 147.0, 196.0)::(90.0, 11.0)->(2, 0)
[-19.4963836669922, 19.0722141265869, -2.82376384735107]::(244.0, 74.0, 147.0, 196.0)::(87.0, 11.0)->(2, 0)
[-19.7416229248047, 17.9909057617188, -2.90434694290161]::(244.0, 74.0, 147.0, 196.0)::(87.0, 11.0)->(2, 0)
[-19.4110107421875, 18.762393951416, -2.78200364112854]::(244.0, 74.0, 147.0, 196.0)::(87.0, 11.0)->(2, 0)
[-19.9635410308838, 18.6033382415771, -2.86101913452148]::(244.0, 74.0, 147.0, 196.0)::(87.0, 11.0)->(2, 0)
[-19.5113925933838, 19.2035675048828, -2.94628620147705]::(242.0, 70.0, 156.0, 208.0)::(87.0, 11.0)->(2, 0)
[-19.2793998718262, 19.3079223632812, -3.15981817245483]::(242.0, 70.0, 156.0, 208.0)::(87.0, 11.0)->(2, 0)
[-18.777660369873, 18.6774234771729, -2.57369995117188]::(242.0, 70.0, 156.0, 208.0)::(87.0, 11.0)->(2, 0)
[-17.9924812316895, 19.1028995513916, -2.68535304069519]::(244.0, 76.0, 143.0, 190.0)::(87.0, 11.0)->(2, 0)
[-17.5979976654053, 18.7659778594971, -2.58581209182739]::(244.0, 76.0, 143.0, 190.0)::(87.0, 11.0)->(2, 0)
[-18.2656059265137, 18.6434059143066, -2.64645981788635]::(244.0, 76.0, 143.0, 190.0)::(87.0, 11.0)->(2, 0)
[-18.2550067901611, 18.3462200164795, -2.47312521934509]::(244.0, 76.0, 143.0, 190.0)::(87.0, 11.0)->(2, 0)
[-18.3760643005371, 18.4274501800537, -2.63896250724792]::(244.0, 76.0, 143.0, 190.0)::(87.0, 11.0)->(2, 0)
[-18.6964912414551, 17.8711910247803, -2.46548843383789]::(242.0, 70.0, 153.0, 204.0)::(87.0, 11.0)->(2, 0)
[-18.24196434021, 19.0327701568604, -2.78879642486572]::(246.0, 76.0, 141.0, 188.0)::(87.0, 11.0)->(2, 0)
[-19.1954326629639, 18.1315822601318, -2.6542637348175]::(246.0, 76.0, 141.0, 188.0)::(90.0, 11.0)->(2, 0)
[-19.1838359832764, 18.8659343719482, -2.86423444747925]::(246.0, 76.0, 141.0, 188.0)::(87.0, 11.0)->(2, 0)
[-18.7783222198486, 18.6354293823242, -2.55131983757019]::(243.0, 73.0, 150.0, 200.0)::(87.0, 11.0)->(2, 0)
[-18.7648906707764, 19.0320816040039, -2.63037919998169]::(243.0, 73.0, 150.0, 200.0)::(90.0, 11.0)->(2, 0)
[-19.1015357971191, 19.3238639831543, -2.86309552192688]::(243.0, 73.0, 150.0, 200.0)::(87.0, 11.0)->(2, 0)
[-18.3582592010498, 18.1506977081299, -2.46366763114929]::(243.0, 73.0, 150.0, 200.0)::(87.0, 11.0)->(2, 0)
[-18.9220447540283, 20.0809211730957, -2.9796679019928]::(243.0, 73.0, 150.0, 200.0)::(90.0, 11.0)->(2, 0)
[-18.4968643188477, 19.4928112030029, -2.99089956283569]::(243.0, 73.0, 150.0, 200.0)::(90.0, 11.0)->(2, 0)
[-19.3458003997803, 17.7931957244873, -2.6697084903717]::(243.0, 73.0, 150.0, 200.0)::(87.0, 11.0)->(2, 0)
[-18.3206558227539, 18.3989086151123, -2.60445427894592]::(245.0, 77.0, 142.0, 189.0)::(87.0, 11.0)->(2, 0)
[-19.4358730316162, 19.351354598999, -2.8047661781311]::(242.0, 71.0, 153.0, 204.0)::(87.0, 11.0)->(2, 0)
[-18.9101715087891, 19.7424392700195, -2.91741633415222]::(242.0, 71.0, 153.0, 204.0)::(87.0, 11.0)->(2, 0)
[-19.0107345581055, 18.6953201293945, -2.69377899169922]::(242.0, 71.0, 153.0, 204.0)::(87.0, 11.0)->(2, 0)
[-19.5987815856934, 18.7228622436523, -3.05472660064697]::(242.0, 71.0, 153.0, 204.0)::(87.0, 11.0)->(2, 0)
[-19.2598476409912, 19.706428527832, -2.93665838241577]::(242.0, 71.0, 153.0, 204.0)::(87.0, 11.0)->(2, 0)
[-19.2249622344971, 19.0546684265137, -2.72167611122131]::(242.0, 71.0, 153.0, 204.0)::(87.0, 11.0)->(2, 0)
[-18.8995952606201, 19.1457576751709, -2.73274803161621]::(244.0, 75.0, 145.0, 193.0)::(87.0, 11.0)->(2, 0)
[-18.5632934570312, 18.0223293304443, -2.79877090454102]::(244.0, 75.0, 145.0, 193.0)::(90.0, 11.0)->(2, 0)
[-18.4216575622559, 18.5246143341064, -2.78698134422302]::(241.0, 69.0, 156.0, 208.0)::(87.0, 11.0)->(2, 0)
[-19.4755363464355, 17.5923328399658, -2.87121868133545]::(243.0, 76.0, 146.0, 194.0)::(87.0, 11.0)->(2, 0)
[-18.8913402557373, 19.4218711853027, -2.83219647407532]::(243.0, 76.0, 146.0, 194.0)::(87.0, 11.0)->(2, 0)
[-19.0783500671387, 18.4616069793701, -2.88188672065735]::(243.0, 76.0, 146.0, 194.0)::(87.0, 11.0)->(2, 0)
[-18.7737045288086, 18.0250682830811, -2.85062527656555]::(243.0, 76.0, 146.0, 194.0)::(87.0, 11.0)->(2, 0)
[-19.1516551971436, 19.4266529083252, -2.99873638153076]::(243.0, 76.0, 146.0, 194.0)::(87.0, 11.0)->(2, 0)
[-18.8388404846191, 18.5493354797363, -2.89839196205139]::(243.0, 76.0, 146.0, 194.0)::(87.0, 11.0)->(2, 0)
[-19.133581161499, 18.6970348358154, -2.73526191711426]::(243.0, 76.0, 146.0, 194.0)::(87.0, 11.0)->(2, 0)
[-18.5600528717041, 18.8496532440186, -2.76028871536255]::(243.0, 76.0, 146.0, 194.0)::(87.0, 11.0)->(2, 0)
[-18.6714382171631, 18.0400791168213, -2.7852783203125]::(243.0, 76.0, 146.0, 194.0)::(87.0, 11.0)->(2, 0)
[-18.8023986816406, 18.2150859832764, -2.84488773345947]::(243.0, 76.0, 146.0, 194.0)::(87.0, 11.0)->(2, 0)
[-18.674503326416, 18.4232540130615, -2.73719930648804]::(243.0, 76.0, 146.0, 194.0)::(87.0, 11.0)->(2, 0)
[-19.4039173126221, 18.2354774475098, -2.95403027534485]::(243.0, 76.0, 146.0, 194.0)::(87.0, 11.0)->(2, 0)
[-18.8520030975342, 18.4392242431641, -2.69523549079895]::(243.0, 76.0, 146.0, 194.0)::(84.0, 11.0)->(2, 0)
[-19.1052742004395, 18.8496284484863, -2.75532078742981]::(243.0, 76.0, 146.0, 194.0)::(84.0, 11.0)->(2, 0)
[-19.3311157226562, 17.8898601531982, -2.72227931022644]::(243.0, 76.0, 146.0, 194.0)::(87.0, 11.0)->(2, 0)
[-19.1384506225586, 19.0737037658691, -2.66308116912842]::(243.0, 76.0, 146.0, 194.0)::(84.0, 11.0)->(2, 0)
[-19.1375064849854, 18.2151584625244, -2.70512318611145]::(243.0, 76.0, 146.0, 194.0)::(87.0, 11.0)->(2, 0)
[-19.2108287811279, 18.842041015625, -3.0088369846344]::(243.0, 76.0, 146.0, 194.0)::(87.0, 11.0)->(2, 0)
[-19.739049911499, 18.1864776611328, -2.80475330352783]::(243.0, 76.0, 146.0, 194.0)::(90.0, 11.0)->(2, 0)
[-18.8881549835205, 17.9484901428223, -2.85223150253296]::(243.0, 76.0, 146.0, 194.0)::(87.0, 11.0)->(2, 0)
[-19.0826873779297, 18.3736896514893, -2.71340465545654]::(243.0, 76.0, 146.0, 194.0)::(87.0, 11.0)->(2, 0)
[-19.0640964508057, 18.8328723907471, -3.24100041389465]::(243.0, 68.0, 153.0, 204.0)::(100.0, 12.0)->(3, 0)
[-20.8106632232666, 19.0173187255859, -3.4238429069519]::(243.0, 68.0, 153.0, 204.0)::(100.0, 12.0)->(3, 0)
[-20.5305690765381, 18.5583171844482, -3.38822937011719]::(243.0, 68.0, 153.0, 204.0)::(100.0, 12.0)->(3, 0)
[-19.1751976013184, 18.6839447021484, -3.03471541404724]::(243.0, 68.0, 153.0, 204.0)::(100.0, 12.0)->(3, 0)
[-19.7436904907227, 19.5495109558105, -3.21236515045166]::(243.0, 68.0, 153.0, 204.0)::(100.0, 12.0)->(3, 0)
[-18.4771671295166, 18.1169872283936, -2.87389993667603]::(247.0, 74.0, 143.0, 190.0)::(100.0, 9.0)->(3, 0)
[-19.9430179595947, 18.6042404174805, -3.48916101455688]::(247.0, 74.0, 143.0, 190.0)::(100.0, 9.0)->(3, 0)
[-19.4218902587891, 17.9843864440918, -3.25645613670349]::(247.0, 74.0, 143.0, 190.0)::(100.0, 9.0)->(3, 0)
[-18.4612712860107, 18.0443859100342, -3.04505372047424]::(247.0, 74.0, 143.0, 190.0)::(96.0, 9.0)->(3, 0)
[-19.4256553649902, 18.653299331665, -3.22734904289246]::(247.0, 74.0, 143.0, 190.0)::(100.0, 9.0)->(3, 0)
[-19.3469924926758, 18.788724899292, -3.06700038909912]::(247.0, 74.0, 143.0, 190.0)::(103.0, 9.0)->(3, 0)
[-19.9507617950439, 18.7956523895264, -3.37786316871643]::(247.0, 74.0, 143.0, 190.0)::(103.0, 9.0)->(3, 0)
[-19.3716945648193, 18.080150604248, -3.16601872444153]::(247.0, 74.0, 143.0, 190.0)::(103.0, 9.0)->(3, 0)
[-20.3160285949707, 18.6648044586182, -3.19065260887146]::(247.0, 74.0, 143.0, 190.0)::(103.0, 9.0)->(3, 0)
[-19.9699878692627, 18.4728736877441, -3.20251226425171]::(247.0, 74.0, 143.0, 190.0)::(96.0, 9.0)->(3, 0)
[-18.8744049072266, 19.1775779724121, -3.24314999580383]::(247.0, 74.0, 143.0, 190.0)::(103.0, 9.0)->(3, 0)
[-18.313512802124, 18.6157112121582, -3.13996887207031]::(247.0, 74.0, 143.0, 190.0)::(100.0, 9.0)->(3, 0)
[-19.2544422149658, 19.0042304992676, -3.22610926628113]::(247.0, 74.0, 143.0, 190.0)::(103.0, 9.0)->(3, 0)
[-19.950777053833, 18.5714817047119, -3.07991600036621]::(247.0, 74.0, 143.0, 190.0)::(103.0, 9.0)->(3, 0)
[-19.0280647277832, 18.2050647735596, -3.07419919967651]::(247.0, 74.0, 143.0, 190.0)::(103.0, 9.0)->(3, 0)
[-18.8753566741943, 18.4017677307129, -3.0963613986969]::(247.0, 74.0, 143.0, 190.0)::(100.0, 9.0)->(3, 0)
[-19.0086307525635, 18.8769416809082, -3.04071402549744]::(247.0, 74.0, 143.0, 190.0)::(100.0, 9.0)->(3, 0)
[-18.4882507324219, 18.0513610839844, -2.78506636619568]::(247.0, 74.0, 143.0, 190.0)::(100.0, 9.0)->(3, 0)
[-19.9770793914795, 18.5809459686279, -2.9307906627655]::(247.0, 74.0, 143.0, 190.0)::(100.0, 9.0)->(3, 0)
[-18.747579574585, 17.077880859375, -2.93164396286011]::(247.0, 74.0, 143.0, 190.0)::(100.0, 9.0)->(3, 0)
[-19.1357898712158, 18.1374244689941, -3.17240381240845]::(247.0, 74.0, 143.0, 190.0)::(100.0, 9.0)->(3, 0)
[-18.4286518096924, 19.0222091674805, -3.10118222236633]::(247.0, 74.0, 143.0, 190.0)::(100.0, 9.0)->(3, 0)
[-19.0476055145264, 19.1019687652588, -3.02871751785278]::(241.0, 70.0, 151.0, 201.0)::(103.0, 9.0)->(3, 0)
[-18.7141609191895, 17.2721271514893, -2.88714194297791]::(248.0, 75.0, 143.0, 190.0)::(100.0, 9.0)->(3, 0)
[-18.2369632720947, 18.4039535522461, -3.03105306625366]::(248.0, 75.0, 143.0, 190.0)::(106.0, 9.0)->(3, 0)
[-18.8104667663574, 19.0455360412598, -3.11127281188965]::(248.0, 75.0, 143.0, 190.0)::(103.0, 9.0)->(3, 0)
[-19.3956127166748, 18.1011199951172, -3.34792637825012]::(248.0, 75.0, 143.0, 190.0)::(103.0, 9.0)->(3, 0)
[-19.2809085845947, 18.8724327087402, -3.49059724807739]::(248.0, 75.0, 143.0, 190.0)::(100.0, 9.0)->(3, 0)
[-18.7757759094238, 18.3460502624512, -3.16704249382019]::(248.0, 75.0, 143.0, 190.0)::(96.0, 9.0)->(3, 0)
[-20.1248168945312, 18.2930793762207, -3.23736143112183]::(248.0, 75.0, 143.0, 190.0)::(103.0, 9.0)->(3, 0)
[-19.0817203521729, 19.2727947235107, -3.34858560562134]::(248.0, 75.0, 143.0, 190.0)::(96.0, 9.0)->(3, 0)
[-19.6217041015625, 18.9824771881104, -3.49928426742554]::(248.0, 75.0, 143.0, 190.0)::(103.0, 9.0)->(3, 0)
[-20.793025970459, 18.9079437255859, -3.82374739646912]::(248.0, 75.0, 143.0, 190.0)::(103.0, 9.0)->(3, 0)
[-19.9546737670898, 18.3560352325439, -3.55209851264954]::(248.0, 75.0, 143.0, 190.0)::(103.0, 9.0)->(3, 0)
[-19.2020225524902, 18.9330101013184, -3.31960535049438]::(248.0, 75.0, 143.0, 190.0)::(100.0, 9.0)->(3, 0)
[-19.8410797119141, 18.5454483032227, -3.57310080528259]::(248.0, 75.0, 143.0, 190.0)::(106.0, 9.0)->(3, 0)
[-18.7617053985596, 18.4137134552002, -3.10348582267761]::(248.0, 75.0, 143.0, 190.0)::(103.0, 9.0)->(3, 0)
[-19.8920783996582, 19.482120513916, -3.41393971443176]::(248.0, 75.0, 143.0, 190.0)::(103.0, 9.0)->(3, 0)
[-19.1742095947266, 18.3849945068359, -3.06628251075745]::(248.0, 75.0, 143.0, 190.0)::(103.0, 9.0)->(3, 0)
[-19.9473495483398, 18.2699375152588, -3.41747760772705]::(248.0, 75.0, 143.0, 190.0)::(103.0, 9.0)->(3, 0)
[-19.672212600708, 18.6479148864746, -3.44803833961487]::(248.0, 75.0, 143.0, 190.0)::(103.0, 9.0)->(3, 0)
[-20.2897396087646, 19.320613861084, -3.81193590164185]::(248.0, 75.0, 143.0, 190.0)::(103.0, 9.0)->(3, 0)
[-18.7071838378906, 18.9921913146973, -3.13325548171997]::(248.0, 75.0, 143.0, 190.0)::(103.0, 9.0)->(3, 0)
[-19.1294345855713, 18.5105781555176, -3.11302065849304]::(242.0, 70.0, 151.0, 201.0)::(103.0, 9.0)->(3, 0)
[-19.8302764892578, 18.5045108795166, -3.5628399848938]::(242.0, 70.0, 151.0, 201.0)::(103.0, 9.0)->(3, 0)
[-18.4785251617432, 17.9559097290039, -2.97954607009888]::(242.0, 70.0, 151.0, 201.0)::(103.0, 9.0)->(3, 0)
[-19.6185493469238, 19.1649322509766, -3.2603223323822]::(242.0, 70.0, 151.0, 201.0)::(106.0, 9.0)->(3, 0)
[-20.0434684753418, 18.7667617797852, -3.51123285293579]::(242.0, 70.0, 151.0, 201.0)::(106.0, 9.0)->(3, 0)
[-17.7166881561279, 18.7174320220947, -2.9722216129303]::(242.0, 70.0, 151.0, 201.0)::(106.0, 9.0)->(3, 0)
[-20.4294910430908, 18.8005886077881, -3.35806941986084]::(246.0, 74.0, 142.0, 189.0)::(106.0, 9.0)->(3, 0)
[-20.0247936248779, 19.1004180908203, -3.51028990745544]::(242.0, 68.0, 156.0, 208.0)::(106.0, 9.0)->(3, 0)
[-20.2888355255127, 19.6180171966553, -3.52440667152405]::(242.0, 68.0, 156.0, 208.0)::(100.0, 9.0)->(3, 0)
[-19.6014709472656, 19.6016139984131, -3.40732908248901]::(246.0, 74.0, 146.0, 194.0)::(106.0, 9.0)->(3, 0)
[-19.8917255401611, 18.9743366241455, -3.33201384544373]::(246.0, 74.0, 146.0, 194.0)::(103.0, 9.0)->(3, 0)
[-19.7645950317383, 17.6430416107178, -3.27680778503418]::(246.0, 74.0, 146.0, 194.0)::(103.0, 9.0)->(3, 0)
[-20.9036846160889, 18.9605941772461, -3.74370956420898]::(246.0, 74.0, 146.0, 194.0)::(106.0, 7.0)->(3, 0)
[-20.1273441314697, 17.7508811950684, -3.57891011238098]::(246.0, 74.0, 146.0, 194.0)::(106.0, 7.0)->(3, 0)
[-20.4895133972168, 18.9577388763428, -3.51127958297729]::(246.0, 74.0, 146.0, 194.0)::(100.0, 7.0)->(3, 0)
[-19.8828029632568, 18.8418140411377, -3.51538991928101]::(246.0, 74.0, 146.0, 194.0)::(93.0, 9.0)->(3, 0)
[-19.2793560028076, 19.7036437988281, -3.49456167221069]::(246.0, 74.0, 146.0, 194.0)::(90.0, 9.0)->(3, 0)
[-19.9200172424316, 18.9986820220947, -3.27740907669067]::(246.0, 74.0, 146.0, 194.0)::(90.0, 9.0)->(3, 0)
[-18.9753799438477, 19.6140899658203, -3.39848327636719]::(246.0, 74.0, 146.0, 194.0)::(90.0, 9.0)->(3, 0)
[-19.2430057525635, 19.4810638427734, -3.44265913963318]::(246.0, 74.0, 146.0, 194.0)::(90.0, 9.0)->(3, 0)
[-19.0807151794434, 19.0954990386963, -3.3215024471283]::(246.0, 74.0, 146.0, 194.0)::(96.0, 10.0)->(3, 0)
[-18.5356788635254, 18.617696762085, -3.36512494087219]::(244.0, 65.0, 157.0, 209.0)::(100.0, 10.0)->(3, 0)
[-19.727897644043, 18.8276290893555, -3.50790953636169]::(245.0, 70.0, 147.0, 196.0)::(103.0, 10.0)->(3, 0)
[-18.213171005249, 18.7117099761963, -3.22520232200623]::(245.0, 70.0, 147.0, 196.0)::(103.0, 10.0)->(3, 0)
[-18.0429935455322, 19.008472442627, -3.07003259658813]::(245.0, 70.0, 147.0, 196.0)::(96.0, 10.0)->(3, 0)
[-19.246940612793, 19.335033416748, -3.6016685962677]::(245.0, 70.0, 147.0, 196.0)::(93.0, 10.0)->(3, 0)
[-19.5505657196045, 18.6473636627197, -3.27753639221191]::(245.0, 70.0, 147.0, 196.0)::(93.0, 10.0)->(3, 0)
[-21.9584445953369, 19.0139427185059, -4.01411962509155]::(245.0, 70.0, 147.0, 196.0)::(106.0, 8.0)->(3, 0)
[-19.5821228027344, 18.9742240905762, -3.48644423484802]::(245.0, 70.0, 147.0, 196.0)::(103.0, 8.0)->(3, 0)
[-19.46240234375, 18.9030265808105, -3.52074718475342]::(245.0, 70.0, 147.0, 196.0)::(96.0, 8.0)->(3, 0)
[-19.5579071044922, 19.7544498443604, -3.49149942398071]::(245.0, 70.0, 147.0, 196.0)::(87.0, 8.0)->(3, 0)
[-18.1206359863281, 18.8996143341064, -3.18192148208618]::(245.0, 70.0, 147.0, 196.0)::(88.0, 10.0)->(3, 0)
[-18.8381958007812, 19.4619331359863, -3.41546106338501]::(245.0, 70.0, 147.0, 196.0)::(103.0, 10.0)->(3, 0)
[-17.4927787780762, 19.6761302947998, -3.2188024520874]::(245.0, 70.0, 147.0, 196.0)::(106.0, 10.0)->(3, 0)
[-17.7485275268555, 19.5718288421631, -3.22955346107483]::(245.0, 70.0, 147.0, 196.0)::(88.0, 10.0)->(3, 0)
[-18.363000869751, 19.7366199493408, -3.36855340003967]::(245.0, 70.0, 147.0, 196.0)::(88.0, 10.0)->(3, 0)
[-18.1249313354492, 19.2531433105469, -3.24892354011536]::(245.0, 70.0, 147.0, 196.0)::(96.0, 10.0)->(3, 0)
[-18.4273891448975, 19.5384922027588, -3.32215976715088]::(245.0, 70.0, 147.0, 196.0)::(96.0, 10.0)->(3, 0)
[-18.7553558349609, 19.8261032104492, -3.48853659629822]::(245.0, 70.0, 147.0, 196.0)::(93.0, 10.0)->(3, 0)
[-18.7062397003174, 19.5663242340088, -3.32306337356567]::(245.0, 70.0, 147.0, 196.0)::(93.0, 10.0)->(3, 0)
[-18.8316287994385, 19.2387676239014, -3.26109743118286]::(245.0, 70.0, 147.0, 196.0)::(93.0, 10.0)->(3, 0)
[-18.4789619445801, 19.517126083374, -3.3463819026947]::(245.0, 70.0, 147.0, 196.0)::(103.0, 10.0)->(3, 0)
[-18.5992221832275, 19.3476047515869, -3.85880756378174]::(251.0, 70.0, 146.0, 194.0)::(106.0, 11.0)->(4, 0)
[-18.9543972015381, 18.3306198120117, -3.67231225967407]::(248.0, 65.0, 154.0, 205.0)::(103.0, 11.0)->(4, 0)
[-19.2892398834229, 18.9527416229248, -3.85068392753601]::(248.0, 65.0, 154.0, 205.0)::(103.0, 11.0)->(4, 0)
[-20.3569164276123, 19.6203842163086, -4.00272464752197]::(248.0, 65.0, 154.0, 205.0)::(103.0, 11.0)->(4, 0)
[-18.6600437164307, 19.8411064147949, -3.87516212463379]::(248.0, 65.0, 154.0, 205.0)::(103.0, 11.0)->(4, 0)
[-19.5525932312012, 19.3324451446533, -3.89720439910889]::(248.0, 65.0, 154.0, 205.0)::(103.0, 11.0)->(4, 0)
[-19.5522136688232, 19.0486869812012, -3.95061421394348]::(251.0, 70.0, 145.0, 193.0)::(100.0, 11.0)->(4, 0)
[-18.5517921447754, 18.9381103515625, -3.81248950958252]::(248.0, 64.0, 158.0, 210.0)::(103.0, 11.0)->(4, 0)
[-19.4256610870361, 19.236270904541, -3.80064082145691]::(252.0, 69.0, 148.0, 197.0)::(103.0, 11.0)->(4, 0)
[-19.1168308258057, 18.4158420562744, -3.75233769416809]::(252.0, 69.0, 148.0, 197.0)::(103.0, 11.0)->(4, 0)
[-19.9044990539551, 19.0804214477539, -3.911700963974]::(247.0, 64.0, 157.0, 209.0)::(103.0, 11.0)->(4, 0)
[-19.5399742126465, 18.923620223999, -3.72475457191467]::(247.0, 64.0, 157.0, 209.0)::(103.0, 11.0)->(4, 0)
[-19.9968738555908, 18.6619663238525, -4.21644830703735]::(247.0, 64.0, 157.0, 209.0)::(106.0, 11.0)->(4, 0)
[-19.8761005401611, 19.6052532196045, -4.19970417022705]::(247.0, 64.0, 157.0, 209.0)::(106.0, 11.0)->(4, 0)
[-19.3598327636719, 17.9788074493408, -4.00796985626221]::(247.0, 64.0, 157.0, 209.0)::(106.0, 11.0)->(4, 0)
[-18.8240985870361, 19.0489463806152, -3.85793161392212]::(250.0, 68.0, 148.0, 197.0)::(106.0, 11.0)->(4, 0)
[-19.9262199401855, 19.3285179138184, -3.91623330116272]::(250.0, 68.0, 148.0, 197.0)::(106.0, 11.0)->(4, 0)
[-19.7212600708008, 19.7939643859863, -3.96314477920532]::(250.0, 68.0, 148.0, 197.0)::(106.0, 11.0)->(4, 0)
[-19.5434474945068, 20.0267696380615, -4.35509157180786]::(250.0, 68.0, 148.0, 197.0)::(109.0, 11.0)->(4, 0)
[-19.58274269104, 18.4513034820557, -4.26196479797363]::(250.0, 68.0, 148.0, 197.0)::(109.0, 11.0)->(4, 0)
[-19.5204200744629, 19.2067394256592, -4.12196636199951]::(250.0, 68.0, 148.0, 197.0)::(109.0, 11.0)->(4, 0)
[-20.4997158050537, 18.9518909454346, -4.22948598861694]::(250.0, 68.0, 148.0, 197.0)::(109.0, 11.0)->(4, 0)
[-19.9101295471191, 19.650972366333, -4.11339569091797]::(247.0, 63.0, 158.0, 210.0)::(109.0, 11.0)->(4, 0)
[-19.2646713256836, 19.2448825836182, -4.21300268173218]::(253.0, 69.0, 147.0, 196.0)::(109.0, 11.0)->(4, 0)
[-18.6982917785645, 19.2037677764893, -3.93758749961853]::(253.0, 69.0, 147.0, 196.0)::(112.0, 11.0)->(4, 0)
[-19.7765064239502, 18.9219017028809, -4.25416231155396]::(253.0, 69.0, 147.0, 196.0)::(109.0, 11.0)->(4, 0)
[-19.5446434020996, 19.3669567108154, -4.44613218307495]::(253.0, 69.0, 147.0, 196.0)::(112.0, 11.0)->(4, 0)
[-19.3331108093262, 19.3109588623047, -4.19831466674805]::(253.0, 69.0, 147.0, 196.0)::(112.0, 11.0)->(4, 0)
[-20.6435470581055, 20.4318103790283, -4.49411392211914]::(250.0, 64.0, 156.0, 208.0)::(112.0, 11.0)->(4, 0)
[-18.788366317749, 19.4605350494385, -4.13514137268066]::(252.0, 71.0, 145.0, 193.0)::(112.0, 11.0)->(4, 0)
[-19.4926643371582, 18.7448711395264, -4.11908435821533]::(250.0, 64.0, 157.0, 209.0)::(115.0, 11.0)->(4, 0)
[-19.5371208190918, 19.7734661102295, -4.38619804382324]::(250.0, 64.0, 157.0, 209.0)::(112.0, 11.0)->(4, 0)
[-19.1750202178955, 19.393798828125, -4.61072826385498]::(250.0, 64.0, 157.0, 209.0)::(115.0, 11.0)->(4, 0)
[-19.4879684448242, 19.3411407470703, -4.32736825942993]::(250.0, 64.0, 157.0, 209.0)::(115.0, 11.0)->(4, 0)
[-19.3216686248779, 19.8105659484863, -4.52597379684448]::(250.0, 64.0, 157.0, 209.0)::(112.0, 11.0)->(4, 0)
[-19.5409545898438, 19.6129779815674, -4.49991321563721]::(250.0, 64.0, 157.0, 209.0)::(112.0, 11.0)->(4, 0)
[-20.3584938049316, 19.2809314727783, -4.71059036254883]::(250.0, 64.0, 157.0, 209.0)::(115.0, 11.0)->(4, 0)
[-20.1809883117676, 18.9986438751221, -4.29585599899292]::(250.0, 64.0, 157.0, 209.0)::(115.0, 11.0)->(4, 0)
[-19.5651054382324, 19.7383861541748, -4.32302284240723]::(253.0, 63.0, 149.0, 198.0)::(115.0, 11.0)->(4, 0)
[-19.2421684265137, 18.9770889282227, -4.00516557693481]::(253.0, 63.0, 149.0, 198.0)::(115.0, 11.0)->(4, 0)
[-19.5979099273682, 19.7564678192139, -4.50326442718506]::(253.0, 63.0, 149.0, 198.0)::(115.0, 11.0)->(4, 0)
[-19.2873840332031, 19.6464996337891, -4.22571897506714]::(253.0, 63.0, 149.0, 198.0)::(115.0, 11.0)->(4, 0)
[-19.7139587402344, 18.7384166717529, -4.36376285552979]::(253.0, 63.0, 149.0, 198.0)::(115.0, 11.0)->(4, 0)
[-19.1884765625, 19.876049041748, -4.63735771179199]::(253.0, 63.0, 149.0, 198.0)::(115.0, 11.0)->(4, 0)
[-19.5723285675049, 19.2665348052979, -4.55106067657471]::(253.0, 63.0, 149.0, 198.0)::(115.0, 11.0)->(4, 0)
[-19.9497509002686, 20.097635269165, -4.6657280921936]::(253.0, 63.0, 149.0, 198.0)::(115.0, 11.0)->(4, 0)
[-19.0720615386963, 18.7268657684326, -4.21767568588257]::(253.0, 63.0, 149.0, 198.0)::(118.0, 11.0)->(4, 0)
[-19.9062690734863, 19.5544357299805, -4.58927822113037]::(253.0, 63.0, 149.0, 198.0)::(118.0, 11.0)->(4, 0)
[-19.581615447998, 19.6055011749268, -4.43535614013672]::(253.0, 63.0, 149.0, 198.0)::(118.0, 11.0)->(4, 0)
[-19.4058303833008, 19.8122863769531, -4.42832374572754]::(253.0, 63.0, 149.0, 198.0)::(103.0, 11.0)->(4, 0)
[-19.4938220977783, 20.0017642974854, -4.4060320854187]::(253.0, 63.0, 149.0, 198.0)::(103.0, 11.0)->(4, 0)
[-19.8907108306885, 19.4883460998535, -4.5540714263916]::(253.0, 63.0, 149.0, 198.0)::(103.0, 11.0)->(4, 0)
[-19.5013904571533, 20.113302230835, -4.45524215698242]::(253.0, 63.0, 149.0, 198.0)::(103.0, 11.0)->(4, 0)
[-19.1061630249023, 19.8452301025391, -4.65147352218628]::(253.0, 63.0, 149.0, 198.0)::(100.0, 11.0)->(4, 0)
[-19.5180339813232, 19.402006149292, -4.63060808181763]::(253.0, 63.0, 149.0, 198.0)::(100.0, 11.0)->(4, 0)
[-19.2390327453613, 19.8820247650146, -4.45936059951782]::(253.0, 63.0, 149.0, 198.0)::(103.0, 11.0)->(4, 0)
[-20.1630401611328, 20.0909519195557, -4.89576816558838]::(253.0, 63.0, 149.0, 198.0)::(103.0, 11.0)->(4, 0)
[-19.5359935760498, 18.8718872070312, -4.59004831314087]::(250.0, 64.0, 157.0, 209.0)::(103.0, 11.0)->(4, 0)
[-19.647647857666, 19.5996131896973, -4.97268962860107]::(250.0, 64.0, 157.0, 209.0)::(103.0, 11.0)->(4, 0)
[-20.3653717041016, 19.3114585876465, -4.5985689163208]::(254.0, 69.0, 147.0, 196.0)::(103.0, 11.0)->(4, 0)
[-20.0537700653076, 19.2199058532715, -4.70343255996704]::(254.0, 69.0, 147.0, 196.0)::(103.0, 11.0)->(4, 0)
[-20.5842170715332, 18.885534286499, -4.37982320785522]::(254.0, 69.0, 147.0, 196.0)::(106.0, 11.0)->(4, 0)
[-19.9593544006348, 19.9190444946289, -4.62736892700195]::(254.0, 69.0, 147.0, 196.0)::(106.0, 11.0)->(4, 0)
[-20.3242607116699, 19.289794921875, -4.79116582870483]::(254.0, 69.0, 147.0, 196.0)::(103.0, 11.0)->(4, 0)
[-18.9520969390869, 20.6991062164307, -4.73041009902954]::(254.0, 69.0, 147.0, 196.0)::(103.0, 11.0)->(4, 0)
[-19.9302062988281, 19.4040203094482, -4.4899787902832]::(254.0, 69.0, 147.0, 196.0)::(103.0, 11.0)->(4, 0)
[-19.8592052459717, 19.3177928924561, -4.48821020126343]::(254.0, 69.0, 147.0, 196.0)::(103.0, 11.0)->(4, 0)
[-19.9857521057129, 18.9543361663818, -4.41759395599365]::(254.0, 69.0, 147.0, 196.0)::(103.0, 11.0)->(4, 0)
[-18.828197479248, 18.5539970397949, -4.11638927459717]::(249.0, 63.0, 157.0, 209.0)::(103.0, 11.0)->(4, 0)
[-19.8918018341064, 19.6292533874512, -4.74172401428223]::(252.0, 69.0, 147.0, 196.0)::(103.0, 11.0)->(4, 0)
[-20.1265068054199, 19.3587760925293, -4.46795558929443]::(252.0, 69.0, 147.0, 196.0)::(103.0, 11.0)->(4, 0)
[-19.5920734405518, 19.8694343566895, -4.72608518600464]::(252.0, 69.0, 147.0, 196.0)::(103.0, 11.0)->(4, 0)
[-19.7490425109863, 19.4489803314209, -4.6952805519104]::(252.0, 69.0, 147.0, 196.0)::(103.0, 11.0)->(4, 0)
[-18.6852359771729, 18.9466743469238, -4.52942276000977]::(251.0, 66.0, 156.0, 208.0)::(103.0, 11.0)->(4, 0)
[-19.9000988006592, 19.6120910644531, -4.66610383987427]::(253.0, 67.0, 148.0, 197.0)::(106.0, 11.0)->(4, 0)
[-19.8782005310059, 19.5245456695557, -4.60634994506836]::(253.0, 67.0, 148.0, 197.0)::(103.0, 11.0)->(4, 0)
[-19.5138378143311, 19.5489273071289, -4.42304992675781]::(253.0, 67.0, 148.0, 197.0)::(103.0, 11.0)->(4, 0)
[-20.1438255310059, 18.8853855133057, -4.72539043426514]::(253.0, 67.0, 148.0, 197.0)::(103.0, 11.0)->(4, 0)
[-20.3318252563477, 19.0791721343994, -4.70316410064697]::(253.0, 67.0, 148.0, 197.0)::(103.0, 11.0)->(4, 0)
[-20.0248699188232, 18.7480163574219, -4.56795310974121]::(253.0, 67.0, 148.0, 197.0)::(103.0, 11.0)->(4, 0)
[-19.5872230529785, 19.7596569061279, -4.56506395339966]::(253.0, 67.0, 148.0, 197.0)::(106.0, 11.0)->(4, 0)
[-19.8862266540527, 19.3600082397461, -4.91106510162354]::(253.0, 67.0, 148.0, 197.0)::(106.0, 11.0)->(4, 0)
[-20.1468162536621, 19.3936443328857, -4.69390392303467]::(253.0, 67.0, 148.0, 197.0)::(106.0, 11.0)->(4, 0)
[-20.1403141021729, 20.2664051055908, -4.69083738327026]::(253.0, 67.0, 148.0, 197.0)::(103.0, 11.0)->(4, 0)
[-19.4357109069824, 19.815336227417, -4.61242818832397]::(253.0, 67.0, 148.0, 197.0)::(103.0, 11.0)->(4, 0)
[-20.1542549133301, 19.2503299713135, -4.86510372161865]::(253.0, 65.0, 156.0, 208.0)::(103.0, 11.0)->(4, 0)
[-20.6775074005127, 20.1142082214355, -4.75513458251953]::(253.0, 65.0, 156.0, 208.0)::(103.0, 11.0)->(4, 0)
[-20.3472900390625, 18.6233749389648, -4.80921030044556]::(253.0, 65.0, 156.0, 208.0)::(103.0, 11.0)->(4, 0)
[-20.652774810791, 18.7654991149902, -4.99025249481201]::(253.0, 65.0, 156.0, 208.0)::(106.0, 11.0)->(4, 0)
[-20.2682056427002, 19.3557834625244, -4.95146608352661]::(253.0, 65.0, 156.0, 208.0)::(109.0, 11.0)->(4, 0)
