[-13.267918586731, 9.18694591522217, 0.823745787143707]::(220.0, 55.0, 186.0, 248.0)::(50.0, 12.0)->(0, 0)
[-13.7682371139526, 9.30621814727783, 1.2243709564209]::(220.0, 55.0, 186.0, 248.0)::(52.0, 12.0)->(0, 0)
[-15.0974588394165, 10.0805521011353, 0.338102757930756]::(220.0, 55.0, 186.0, 248.0)::(52.0, 12.0)->(0, 0)
[-14.2649326324463, 10.4565305709839, 0.958406805992126]::(220.0, 55.0, 186.0, 248.0)::(52.0, 12.0)->(0, 0)
[-14.513256072998, 9.89924144744873, 0.776648879051208]::(220.0, 55.0, 186.0, 248.0)::(60.0, 13.0)->(0, 0)
[-15.4568958282471, 10.4779138565063, 0.853374302387238]::(220.0, 55.0, 186.0, 248.0)::(50.0, 12.0)->(0, 0)
[-14.5086030960083, 9.88863468170166, 0.830437004566193]::(220.0, 55.0, 186.0, 248.0)::(52.0, 12.0)->(0, 0)
[-15.2603635787964, 9.92937469482422, 0.595234453678131]::(220.0, 55.0, 186.0, 248.0)::(50.0, 12.0)->(0, 0)
[-14.1566247940063, 9.84539794921875, 0.539496660232544]::(220.0, 55.0, 186.0, 248.0)::(48.0, 12.0)->(0, 0)
[-16.2467632293701, 10.5458631515503, 0.457008242607117]::(220.0, 55.0, 186.0, 248.0)::(56.0, 12.0)->(0, 0)
[-13.9508447647095, 10.0630483627319, 0.937950909137726]::(220.0, 55.0, 186.0, 248.0)::(48.0, 11.0)->(0, 0)
[-15.0630807876587, 9.64867782592773, 0.707754731178284]::(220.0, 55.0, 186.0, 248.0)::(48.0, 11.0)->(0, 0)
[-14.857084274292, 9.82044982910156, 0.917818307876587]::(220.0, 55.0, 186.0, 248.0)::(48.0, 11.0)->(0, 0)
[-15.2000675201416, 10.9367752075195, 0.869612216949463]::(220.0, 55.0, 186.0, 248.0)::(48.0, 11.0)->(0, 0)
[-14.7563714981079, 10.009861946106, 1.16439521312714]::(220.0, 55.0, 186.0, 248.0)::(48.0, 11.0)->(0, 0)
[-14.8313446044922, 9.4472074508667, 0.822905719280243]::(220.0, 55.0, 186.0, 248.0)::(48.0, 11.0)->(0, 0)
[-13.9605321884155, 9.49267101287842, 0.790993988513947]::(220.0, 55.0, 186.0, 248.0)::(48.0, 11.0)->(0, 0)
[-14.0561094284058, 9.42692852020264, 1.22154772281647]::(220.0, 55.0, 186.0, 248.0)::(48.0, 11.0)->(0, 0)
[-14.1719055175781, 9.57891273498535, 1.08322024345398]::(220.0, 55.0, 186.0, 248.0)::(48.0, 11.0)->(0, 0)
[-15.9114332199097, 10.2760715484619, 0.519832730293274]::(220.0, 55.0, 186.0, 248.0)::(51.0, 11.0)->(0, 0)
[-14.7886047363281, 9.89595699310303, 0.556651055812836]::(220.0, 55.0, 186.0, 248.0)::(48.0, 11.0)->(0, 0)
[-15.5961723327637, 9.93359756469727, 0.850886881351471]::(220.0, 55.0, 186.0, 248.0)::(51.0, 11.0)->(0, 0)
[-13.4131956100464, 9.7961368560791, 1.14490842819214]::(220.0, 55.0, 186.0, 248.0)::(51.0, 11.0)->(0, 0)
[-16.9291725158691, 10.2433052062988, 0.349776059389114]::(220.0, 55.0, 186.0, 248.0)::(48.0, 11.0)->(0, 0)
[-14.3504323959351, 10.25035572052, 0.85602068901062]::(220.0, 55.0, 186.0, 248.0)::(51.0, 11.0)->(0, 0)
[-15.9529914855957, 9.27226066589355, 1.04535436630249]::(220.0, 55.0, 186.0, 248.0)::(58.0, 11.0)->(0, 0)
[-15.4594602584839, 9.95976066589355, 0.729213774204254]::(220.0, 55.0, 186.0, 248.0)::(58.0, 11.0)->(0, 0)
[-15.5994501113892, 9.91860961914062, 0.593030631542206]::(220.0, 55.0, 186.0, 248.0)::(53.0, 11.0)->(0, 0)
[-16.9856796264648, 10.3754529953003, 0.55823278427124]::(220.0, 55.0, 186.0, 248.0)::(48.0, 11.0)->(0, 0)
[-15.2415380477905, 9.69268226623535, 1.00170755386353]::(220.0, 55.0, 186.0, 248.0)::(48.0, 11.0)->(0, 0)
[-15.4720878601074, 9.73418998718262, 1.09420311450958]::(220.0, 55.0, 186.0, 248.0)::(51.0, 11.0)->(0, 0)
[-14.3422651290894, 9.64465999603271, 1.00806140899658]::(220.0, 55.0, 186.0, 248.0)::(53.0, 11.0)->(0, 0)
[-15.4427042007446, 9.20204830169678, 1.18018174171448]::(220.0, 55.0, 186.0, 248.0)::(48.0, 11.0)->(0, 0)
[-14.2032976150513, 9.3541898727417, 1.22138941287994]::(220.0, 55.0, 186.0, 248.0)::(48.0, 11.0)->(0, 0)
[-13.5798091888428, 9.28910350799561, 1.21216595172882]::(220.0, 55.0, 186.0, 248.0)::(51.0, 11.0)->(0, 0)
[-15.0825395584106, 9.99613285064697, 0.752760171890259]::(220.0, 55.0, 186.0, 248.0)::(48.0, 11.0)->(0, 0)
[-17.1390380859375, 10.4968681335449, 0.152172788977623]::(220.0, 55.0, 186.0, 248.0)::(50.0, 12.0)->(0, 0)
[-14.1083745956421, 9.30883312225342, 0.705810785293579]::(220.0, 55.0, 186.0, 248.0)::(60.0, 12.0)->(0, 0)
[-12.5130548477173, 8.57749271392822, 1.50217461585999]::(220.0, 55.0, 186.0, 248.0)::(60.0, 12.0)->(0, 0)
[-13.9767799377441, 8.69216918945312, 1.36994087696075]::(220.0, 55.0, 186.0, 248.0)::(60.0, 12.0)->(0, 0)
[-15.8360528945923, 9.70242786407471, 0.623108267784119]::(220.0, 55.0, 186.0, 248.0)::(60.0, 12.0)->(0, 0)
[-13.9528837203979, 9.23385810852051, 1.13204908370972]::(220.0, 55.0, 186.0, 248.0)::(60.0, 12.0)->(0, 0)
[-14.9241542816162, 9.69317531585693, 0.581299722194672]::(220.0, 55.0, 186.0, 248.0)::(60.0, 12.0)->(0, 0)
[-15.9980583190918, 8.91908168792725, 0.926637351512909]::(220.0, 55.0, 186.0, 248.0)::(60.0, 12.0)->(0, 0)
[-15.4382286071777, 8.92456150054932, 0.66086745262146]::(220.0, 55.0, 186.0, 248.0)::(60.0, 12.0)->(0, 0)
[-16.085807800293, 10.5980749130249, 0.308671832084656]::(220.0, 55.0, 186.0, 248.0)::(60.0, 12.0)->(0, 0)
[-17.1562614440918, 9.51839160919189, 0.616929292678833]::(220.0, 55.0, 186.0, 248.0)::(60.0, 12.0)->(0, 0)
[-14.3320178985596, 9.10446548461914, 1.12781071662903]::(220.0, 55.0, 186.0, 248.0)::(60.0, 12.0)->(0, 0)
[-16.3005466461182, 10.7962398529053, -0.00834652502089739]::(220.0, 55.0, 186.0, 248.0)::(60.0, 12.0)->(0, 0)
[-15.8105697631836, 9.83206272125244, 0.645243167877197]::(220.0, 55.0, 186.0, 248.0)::(52.0, 12.0)->(0, 0)
[-14.4815702438354, 9.36913108825684, 0.897169351577759]::(220.0, 55.0, 186.0, 248.0)::(60.0, 12.0)->(0, 0)
[-15.0720796585083, 9.27186107635498, 1.22338628768921]::(220.0, 55.0, 186.0, 248.0)::(57.0, 12.0)->(0, 0)
[-15.9046316146851, 9.64826774597168, 1.05766880512238]::(220.0, 55.0, 186.0, 248.0)::(60.0, 12.0)->(0, 0)
[-14.3067617416382, 9.59902381896973, 1.31266808509827]::(220.0, 55.0, 186.0, 248.0)::(60.0, 12.0)->(0, 0)
[-14.8320531845093, 10.0737056732178, 0.567464709281921]::(220.0, 55.0, 186.0, 248.0)::(50.0, 12.0)->(0, 0)
[-14.9367189407349, 9.61839866638184, 0.762555956840515]::(220.0, 55.0, 186.0, 248.0)::(55.0, 12.0)->(0, 0)
[-15.5647859573364, 9.73421287536621, 0.853409051895142]::(220.0, 55.0, 186.0, 248.0)::(60.0, 12.0)->(0, 0)
[-16.1770725250244, 9.27473449707031, 0.892997443675995]::(220.0, 55.0, 186.0, 248.0)::(57.0, 12.0)->(0, 0)
[-15.4169101715088, 9.23149013519287, 0.96496444940567]::(220.0, 55.0, 186.0, 248.0)::(57.0, 12.0)->(0, 0)
[-14.7043304443359, 9.28822612762451, 1.19101476669312]::(220.0, 55.0, 186.0, 248.0)::(57.0, 12.0)->(0, 0)
[-16.9339160919189, 10.1701517105103, 0.628036141395569]::(220.0, 55.0, 186.0, 248.0)::(57.0, 12.0)->(0, 0)
[-13.98118019104, 10.0034809112549, 1.1694895029068]::(220.0, 55.0, 186.0, 248.0)::(57.0, 12.0)->(0, 0)
[-15.3678493499756, 9.78211212158203, 0.809372007846832]::(220.0, 55.0, 186.0, 248.0)::(60.0, 12.0)->(0, 0)
[-17.5029525756836, 9.30672836303711, 0.278748512268066]::(220.0, 55.0, 186.0, 248.0)::(60.0, 12.0)->(0, 0)
[-14.4628505706787, 9.44902801513672, 0.991120219230652]::(220.0, 55.0, 186.0, 248.0)::(60.0, 12.0)->(0, 0)
[-16.3194580078125, 9.81640338897705, 0.625851035118103]::(220.0, 55.0, 186.0, 248.0)::(60.0, 12.0)->(0, 0)
[-16.562707901001, 8.90021800994873, 0.686977684497833]::(220.0, 55.0, 186.0, 248.0)::(60.0, 12.0)->(0, 0)
[-14.2422952651978, 9.23988151550293, 0.984689474105835]::(220.0, 55.0, 186.0, 248.0)::(57.0, 12.0)->(0, 0)
[-13.4304733276367, 8.44327926635742, 1.17217028141022]::(220.0, 55.0, 186.0, 248.0)::(60.0, 12.0)->(0, 0)
[-12.4891891479492, 9.00911617279053, 0.998101770877838]::(220.0, 55.0, 186.0, 248.0)::(60.0, 12.0)->(0, 0)
[-13.7009420394897, 8.74601936340332, 1.05803430080414]::(220.0, 55.0, 186.0, 248.0)::(57.0, 12.0)->(0, 0)
[-15.0315523147583, 7.94717216491699, 1.12593388557434]::(220.0, 55.0, 186.0, 248.0)::(57.0, 12.0)->(0, 0)
[-16.8654174804688, 9.15101623535156, 0.59990668296814]::(220.0, 55.0, 186.0, 248.0)::(55.0, 12.0)->(0, 0)
[-16.325080871582, 8.84811401367188, 0.801646053791046]::(220.0, 55.0, 186.0, 248.0)::(55.0, 12.0)->(0, 0)
[-16.0615272521973, 9.63007545471191, 0.369537651538849]::(220.0, 55.0, 186.0, 248.0)::(57.0, 12.0)->(0, 0)
[-12.6026296615601, 8.3277006149292, 0.653956890106201]::(220.0, 55.0, 186.0, 248.0)::(50.0, 12.0)->(0, 0)
[-14.4835767745972, 8.76387596130371, 0.924337089061737]::(220.0, 55.0, 186.0, 248.0)::(60.0, 12.0)->(0, 0)
[-15.359414100647, 9.69019603729248, 0.685080766677856]::(220.0, 55.0, 186.0, 248.0)::(57.0, 12.0)->(0, 0)
[-16.8535938262939, 10.5832376480103, 0.415685951709747]::(208.0, 46.0, 190.0, 253.0)::(57.0, 12.0)->(0, 0)
[-16.5794334411621, 9.89445781707764, 0.368283897638321]::(208.0, 46.0, 190.0, 253.0)::(57.0, 12.0)->(0, 0)
[-15.2669343948364, 10.6896495819092, 0.0732263848185539]::(208.0, 46.0, 190.0, 253.0)::(60.0, 12.0)->(0, 0)
[-14.5750179290771, 9.80542755126953, 1.11302709579468]::(208.0, 46.0, 190.0, 253.0)::(60.0, 12.0)->(0, 0)
[-15.7408657073975, 10.8498783111572, 0.273875653743744]::(208.0, 46.0, 190.0, 253.0)::(60.0, 12.0)->(0, 0)
[-15.5286569595337, 9.86324024200439, 0.683893144130707]::(208.0, 46.0, 190.0, 253.0)::(60.0, 12.0)->(0, 0)
[-17.0724754333496, 10.3050117492676, 0.104404993355274]::(208.0, 46.0, 190.0, 253.0)::(50.0, 12.0)->(0, 0)
[-15.8916511535645, 10.3232765197754, -0.0578855611383915]::(208.0, 46.0, 190.0, 253.0)::(57.0, 12.0)->(0, 0)
[-15.8433055877686, 10.1038818359375, 0.141693457961082]::(208.0, 46.0, 190.0, 253.0)::(57.0, 12.0)->(0, 0)
[-14.8738708496094, 9.65398120880127, 0.323228985071182]::(208.0, 46.0, 190.0, 253.0)::(57.0, 12.0)->(0, 0)
[-16.3112316131592, 10.883373260498, 0.401826947927475]::(208.0, 46.0, 190.0, 253.0)::(57.0, 12.0)->(0, 0)
[-15.0420160293579, 9.37113475799561, 0.942600905895233]::(208.0, 46.0, 190.0, 253.0)::(57.0, 12.0)->(0, 0)
[-16.336498260498, 9.36660861968994, 0.361185133457184]::(214.0, 52.0, 182.0, 242.0)::(71.0, 12.0)->(1, 0)
[-16.671199798584, 9.57331848144531, 0.152020931243896]::(214.0, 52.0, 182.0, 242.0)::(71.0, 12.0)->(1, 0)
[-16.2992839813232, 9.22458362579346, 0.55605548620224]::(214.0, 52.0, 182.0, 242.0)::(68.0, 12.0)->(1, 0)
[-17.0439262390137, 9.77303791046143, 0.119580551981926]::(214.0, 52.0, 182.0, 242.0)::(71.0, 12.0)->(1, 0)
[-18.9591751098633, 10.2105293273926, -0.695745646953583]::(214.0, 52.0, 182.0, 242.0)::(71.0, 12.0)->(1, 0)
[-16.4852714538574, 9.15125274658203, 0.596363067626953]::(214.0, 52.0, 182.0, 242.0)::(71.0, 12.0)->(1, 0)
[-18.0417652130127, 10.4056043624878, -0.754971742630005]::(211.0, 47.0, 192.0, 256.0)::(71.0, 12.0)->(1, 0)
[-16.5804862976074, 9.020920753479, -0.303963661193848]::(217.0, 52.0, 183.0, 244.0)::(71.0, 12.0)->(1, 0)
[-17.2811431884766, 9.85796165466309, -0.409111589193344]::(217.0, 52.0, 183.0, 244.0)::(71.0, 12.0)->(1, 0)
[-17.3714504241943, 9.98837471008301, 0.0892845317721367]::(217.0, 52.0, 183.0, 244.0)::(73.0, 12.0)->(1, 0)
[-16.4534091949463, 9.62238216400146, 0.089202806353569]::(217.0, 52.0, 183.0, 244.0)::(73.0, 12.0)->(1, 0)
[-17.6398181915283, 10.213773727417, -0.436746627092361]::(217.0, 52.0, 183.0, 244.0)::(71.0, 12.0)->(1, 0)
[-16.9940967559814, 9.16196727752686, -0.159541383385658]::(217.0, 52.0, 183.0, 244.0)::(71.0, 12.0)->(1, 0)
[-16.5012760162354, 9.04993534088135, -0.0501160621643066]::(217.0, 52.0, 183.0, 244.0)::(71.0, 12.0)->(1, 0)
[-17.4296550750732, 10.1338806152344, -0.385416179895401]::(217.0, 52.0, 183.0, 244.0)::(68.0, 12.0)->(1, 0)
[-16.9074211120605, 9.21363544464111, 0.257718324661255]::(217.0, 52.0, 183.0, 244.0)::(73.0, 12.0)->(1, 0)
[-15.8359422683716, 9.39242935180664, 0.217223837971687]::(217.0, 52.0, 183.0, 244.0)::(65.0, 12.0)->(1, 0)
[-14.8513860702515, 9.21113300323486, 0.504052579402924]::(217.0, 52.0, 183.0, 244.0)::(71.0, 12.0)->(1, 0)
[-16.2269020080566, 9.63262271881104, 0.235775411128998]::(217.0, 52.0, 183.0, 244.0)::(68.0, 12.0)->(1, 0)
[-13.3896970748901, 8.77173614501953, 0.0135571584105492]::(217.0, 52.0, 183.0, 244.0)::(68.0, 12.0)->(1, 0)
[-14.1408414840698, 9.09142208099365, 0.0890379548072815]::(217.0, 52.0, 183.0, 244.0)::(72.0, 12.0)->(1, 0)
[-16.5705680847168, 9.34388828277588, 0.416879385709763]::(217.0, 52.0, 183.0, 244.0)::(70.0, 12.0)->(1, 0)
[-16.0524730682373, 8.71757316589355, 0.148426592350006]::(217.0, 52.0, 183.0, 244.0)::(70.0, 12.0)->(1, 0)
[-15.055890083313, 8.95315551757812, 0.383768379688263]::(217.0, 52.0, 183.0, 244.0)::(70.0, 12.0)->(1, 0)
[-16.0713996887207, 9.0397310256958, 0.0392428673803806]::(217.0, 52.0, 183.0, 244.0)::(70.0, 12.0)->(1, 0)
[-17.2182922363281, 8.89074516296387, 0.0829209312796593]::(217.0, 52.0, 183.0, 244.0)::(72.0, 12.0)->(1, 0)
[-18.3647575378418, 9.97546291351318, -0.446675986051559]::(217.0, 52.0, 183.0, 244.0)::(70.0, 12.0)->(1, 0)
[-15.5842533111572, 8.82828044891357, 0.438738107681274]::(217.0, 52.0, 183.0, 244.0)::(70.0, 12.0)->(1, 0)
[-16.6318359375, 9.97149753570557, -0.033236175775528]::(217.0, 52.0, 183.0, 244.0)::(70.0, 12.0)->(1, 0)
[-15.2054681777954, 9.03929901123047, 0.29198557138443]::(217.0, 52.0, 183.0, 244.0)::(80.0, 12.0)->(1, 0)
[-16.6318225860596, 10.0202217102051, -0.415994554758072]::(217.0, 52.0, 183.0, 244.0)::(70.0, 12.0)->(1, 0)
[-15.3569345474243, 9.76715660095215, 0.233232736587524]::(217.0, 52.0, 183.0, 244.0)::(70.0, 12.0)->(1, 0)
[-14.6568651199341, 9.21084499359131, 0.390200436115265]::(217.0, 52.0, 183.0, 244.0)::(70.0, 12.0)->(1, 0)
[-14.3198843002319, 9.46761226654053, 0.209651678800583]::(217.0, 52.0, 183.0, 244.0)::(67.0, 12.0)->(1, 0)
[-14.8705835342407, 8.20604419708252, 0.399036705493927]::(217.0, 52.0, 183.0, 244.0)::(70.0, 12.0)->(1, 0)
[-16.1120109558105, 9.38320636749268, 0.355406135320663]::(217.0, 52.0, 183.0, 244.0)::(70.0, 12.0)->(1, 0)
[-15.6721611022949, 9.47675323486328, -0.191515952348709]::(217.0, 52.0, 183.0, 244.0)::(72.0, 12.0)->(1, 0)
[-15.1513118743896, 9.74193382263184, 0.575294137001038]::(217.0, 52.0, 183.0, 244.0)::(76.0, 11.0)->(1, 0)
[-15.5904483795166, 9.27339649200439, 0.532545030117035]::(217.0, 52.0, 183.0, 244.0)::(79.0, 11.0)->(1, 0)
[-15.9152154922485, 9.30322551727295, -0.0412929095327854]::(217.0, 52.0, 183.0, 244.0)::(79.0, 11.0)->(1, 0)
[-16.2336959838867, 9.80492115020752, -0.18852236866951]::(217.0, 52.0, 183.0, 244.0)::(79.0, 11.0)->(1, 0)
[-17.0962181091309, 9.33575820922852, 0.214090764522552]::(217.0, 52.0, 183.0, 244.0)::(79.0, 11.0)->(1, 0)
[-17.3032131195068, 10.2868690490723, -0.253636002540588]::(217.0, 52.0, 183.0, 244.0)::(79.0, 11.0)->(1, 0)
[-17.1137542724609, 9.80587673187256, 0.24097728729248]::(217.0, 52.0, 183.0, 244.0)::(79.0, 11.0)->(1, 0)
[-16.9966449737549, 9.68004417419434, -0.352505713701248]::(217.0, 52.0, 183.0, 244.0)::(79.0, 11.0)->(1, 0)
[-16.358793258667, 9.27642345428467, 0.233788624405861]::(217.0, 52.0, 183.0, 244.0)::(82.0, 11.0)->(1, 0)
[-17.3332061767578, 9.77409934997559, -0.348741710186005]::(217.0, 52.0, 183.0, 244.0)::(74.0, 11.0)->(1, 0)
[-17.0193881988525, 8.85476112365723, 0.397042721509933]::(217.0, 52.0, 183.0, 244.0)::(82.0, 11.0)->(1, 0)
[-16.6443862915039, 9.21029090881348, 0.0528313331305981]::(217.0, 52.0, 183.0, 244.0)::(82.0, 11.0)->(1, 0)
[-17.5811958312988, 9.35721302032471, -0.237758919596672]::(217.0, 52.0, 183.0, 244.0)::(75.0, 12.0)->(1, 0)
[-16.2608013153076, 9.20182609558105, -0.107521787285805]::(217.0, 52.0, 183.0, 244.0)::(75.0, 12.0)->(1, 0)
[-16.5946807861328, 9.10477733612061, 0.0374882183969021]::(217.0, 52.0, 183.0, 244.0)::(80.0, 12.0)->(1, 0)
[-15.3104619979858, 8.82900333404541, 0.128085911273956]::(217.0, 52.0, 183.0, 244.0)::(77.0, 12.0)->(1, 0)
[-17.7030544281006, 10.3075103759766, -0.536272287368774]::(217.0, 52.0, 183.0, 244.0)::(77.0, 12.0)->(1, 0)
[-16.3262023925781, 9.82850360870361, 0.104582712054253]::(217.0, 52.0, 183.0, 244.0)::(77.0, 12.0)->(1, 0)
[-16.8656005859375, 9.12972736358643, -0.0813150778412819]::(217.0, 52.0, 183.0, 244.0)::(80.0, 12.0)->(1, 0)
[-17.1311626434326, 9.25357151031494, 0.124385923147202]::(217.0, 52.0, 183.0, 244.0)::(77.0, 12.0)->(1, 0)
[-18.1966896057129, 10.006724357605, -0.545385658740997]::(217.0, 52.0, 183.0, 244.0)::(77.0, 12.0)->(1, 0)
[-18.0089073181152, 9.26734638214111, -0.0429712384939194]::(217.0, 52.0, 183.0, 244.0)::(80.0, 12.0)->(1, 0)
[-16.9610118865967, 9.52740859985352, -0.212168872356415]::(217.0, 52.0, 183.0, 244.0)::(80.0, 12.0)->(1, 0)
[-18.0412178039551, 9.9011402130127, -0.264754801988602]::(217.0, 52.0, 183.0, 244.0)::(80.0, 12.0)->(1, 0)
[-17.5496006011963, 9.41395950317383, -0.0179511606693268]::(217.0, 52.0, 183.0, 244.0)::(82.0, 12.0)->(1, 0)
[-18.9986724853516, 10.474063873291, -1.07117891311646]::(210.0, 42.0, 192.0, 256.0)::(82.0, 12.0)->(1, 0)
[-19.5460510253906, 9.97784423828125, -0.658241748809814]::(210.0, 42.0, 192.0, 256.0)::(82.0, 12.0)->(1, 0)
[-19.8202934265137, 9.84479904174805, -0.835828423500061]::(210.0, 42.0, 192.0, 256.0)::(82.0, 12.0)->(1, 0)
[-19.5863933563232, 9.52836132049561, -0.809174299240112]::(214.0, 48.0, 184.0, 245.0)::(77.0, 12.0)->(1, 0)
[-20.7256336212158, 9.57340431213379, -1.36731088161469]::(213.0, 43.0, 192.0, 256.0)::(77.0, 12.0)->(1, 0)
[-21.2437610626221, 9.35636043548584, -1.20609652996063]::(213.0, 43.0, 192.0, 256.0)::(80.0, 12.0)->(1, 0)
[-17.3250865936279, 9.39341068267822, -0.469611525535583]::(217.0, 50.0, 184.0, 245.0)::(80.0, 12.0)->(1, 0)
[-18.4788570404053, 9.0031270980835, -0.601410090923309]::(217.0, 50.0, 184.0, 245.0)::(77.0, 12.0)->(1, 0)
[-16.9484195709229, 9.80475902557373, -0.177420243620872]::(217.0, 50.0, 184.0, 245.0)::(77.0, 12.0)->(1, 0)
[-18.6345710754395, 10.1977224349976, -0.679673850536346]::(217.0, 50.0, 184.0, 245.0)::(80.0, 12.0)->(1, 0)
[-17.8425693511963, 10.1484155654907, -0.52413535118103]::(217.0, 50.0, 184.0, 245.0)::(77.0, 12.0)->(1, 0)
[-21.6093730926514, 9.50321006774902, -1.13503217697144]::(212.0, 43.0, 193.0, 257.0)::(77.0, 12.0)->(1, 0)
[-20.8399829864502, 9.73722171783447, -1.29742813110352]::(212.0, 43.0, 193.0, 257.0)::(80.0, 12.0)->(1, 0)
[-21.388744354248, 9.11271476745605, -1.35360538959503]::(212.0, 43.0, 193.0, 257.0)::(82.0, 12.0)->(1, 0)
[-19.4985160827637, 9.05941486358643, -0.94345897436142]::(216.0, 47.0, 185.0, 246.0)::(80.0, 12.0)->(1, 0)
[-20.3282051086426, 9.797287940979, -1.02240586280823]::(216.0, 47.0, 185.0, 246.0)::(80.0, 12.0)->(1, 0)
[-21.1648864746094, 10.9897899627686, -1.42283892631531]::(216.0, 47.0, 185.0, 246.0)::(82.0, 12.0)->(1, 0)
[-20.6237564086914, 10.5526838302612, -0.917744338512421]::(216.0, 47.0, 185.0, 246.0)::(82.0, 12.0)->(1, 0)
[-19.0072631835938, 10.364800453186, -0.679228842258453]::(216.0, 47.0, 185.0, 246.0)::(80.0, 12.0)->(1, 0)
[-19.6499500274658, 10.0774507522583, -0.968736946582794]::(216.0, 47.0, 185.0, 246.0)::(82.0, 12.0)->(1, 0)
[-18.915735244751, 10.3862686157227, -0.848206639289856]::(216.0, 47.0, 185.0, 246.0)::(82.0, 12.0)->(1, 0)
[-18.455041885376, 9.7337589263916, -0.249684080481529]::(216.0, 47.0, 185.0, 246.0)::(82.0, 12.0)->(1, 0)
[-19.7250137329102, 9.71358394622803, -1.11447846889496]::(216.0, 47.0, 185.0, 246.0)::(85.0, 12.0)->(1, 0)
[-19.7333488464355, 9.79412460327148, -1.0465133190155]::(216.0, 47.0, 185.0, 246.0)::(82.0, 12.0)->(1, 0)
[-20.3294334411621, 9.87841701507568, -0.939277350902557]::(216.0, 47.0, 185.0, 246.0)::(82.0, 12.0)->(1, 0)
[-18.0348033905029, 9.85225009918213, -0.943675994873047]::(216.0, 47.0, 185.0, 246.0)::(82.0, 12.0)->(1, 0)
[-17.0356063842773, 9.05517387390137, 0.0345713421702385]::(216.0, 47.0, 185.0, 246.0)::(82.0, 12.0)->(1, 0)
[-17.0442371368408, 9.94902515411377, -0.299064636230469]::(216.0, 47.0, 185.0, 246.0)::(82.0, 12.0)->(1, 0)
[-18.1493682861328, 9.3412971496582, -1.41272747516632]::(217.0, 47.0, 183.0, 244.0)::(87.0, 12.0)->(2, 0)
[-18.5287399291992, 8.63761043548584, -1.09169852733612]::(217.0, 47.0, 183.0, 244.0)::(87.0, 12.0)->(2, 0)
[-18.3955326080322, 8.88751888275146, -1.26815462112427]::(217.0, 47.0, 183.0, 244.0)::(85.0, 12.0)->(2, 0)
[-19.306661605835, 9.08736801147461, -1.52147364616394]::(217.0, 47.0, 183.0, 244.0)::(85.0, 12.0)->(2, 0)
[-20.5916271209717, 9.20038318634033, -1.57333147525787]::(217.0, 47.0, 183.0, 244.0)::(82.0, 12.0)->(2, 0)
[-19.4914360046387, 8.87987327575684, -1.50108504295349]::(217.0, 47.0, 183.0, 244.0)::(107.0, 12.0)->(2, 0)
[-18.7354011535645, 9.01979160308838, -1.51967203617096]::(217.0, 47.0, 183.0, 244.0)::(85.0, 12.0)->(2, 0)
[-18.988899230957, 8.74433517456055, -1.09104156494141]::(217.0, 47.0, 183.0, 244.0)::(90.0, 12.0)->(2, 0)
[-19.7386150360107, 9.0588903427124, -1.56783592700958]::(217.0, 47.0, 183.0, 244.0)::(85.0, 12.0)->(2, 0)
[-19.7233905792236, 10.0187902450562, -1.5950813293457]::(217.0, 47.0, 183.0, 244.0)::(85.0, 12.0)->(2, 0)
[-19.2268810272217, 8.82886791229248, -1.36565494537354]::(217.0, 47.0, 183.0, 244.0)::(85.0, 12.0)->(2, 0)
[-18.9661598205566, 8.63478946685791, -1.1798210144043]::(217.0, 47.0, 183.0, 244.0)::(85.0, 12.0)->(2, 0)
[-18.3618068695068, 8.66776466369629, -1.45896232128143]::(217.0, 47.0, 183.0, 244.0)::(107.0, 12.0)->(2, 0)
[-19.6551284790039, 9.18891906738281, -1.34943032264709]::(217.0, 47.0, 183.0, 244.0)::(107.0, 12.0)->(2, 0)
[-20.9177322387695, 9.13375377655029, -1.68442964553833]::(217.0, 47.0, 183.0, 244.0)::(112.0, 12.0)->(2, 0)
[-20.426233291626, 9.56111621856689, -1.52933740615845]::(217.0, 47.0, 183.0, 244.0)::(85.0, 12.0)->(2, 0)
[-18.505823135376, 9.32092475891113, -1.29240334033966]::(217.0, 47.0, 183.0, 244.0)::(87.0, 12.0)->(2, 0)
[-19.5806789398193, 9.62777900695801, -1.63363075256348]::(217.0, 47.0, 183.0, 244.0)::(87.0, 12.0)->(2, 0)
[-18.4556655883789, 9.88593292236328, -1.59461104869843]::(217.0, 47.0, 183.0, 244.0)::(85.0, 12.0)->(2, 0)
[-18.7850551605225, 9.62185382843018, -1.41829991340637]::(217.0, 47.0, 183.0, 244.0)::(87.0, 12.0)->(2, 0)
[-19.305513381958, 9.1168098449707, -1.40542697906494]::(217.0, 47.0, 183.0, 244.0)::(102.0, 12.0)->(2, 0)
[-18.8583908081055, 9.2320442199707, -1.34515190124512]::(217.0, 47.0, 183.0, 244.0)::(85.0, 12.0)->(2, 0)
[-18.7278594970703, 9.12196350097656, -1.35324859619141]::(217.0, 47.0, 183.0, 244.0)::(87.0, 12.0)->(2, 0)
[-18.5125427246094, 8.89820861816406, -0.902227997779846]::(217.0, 47.0, 183.0, 244.0)::(97.0, 12.0)->(2, 0)
[-18.1079387664795, 8.5059814453125, -0.860858082771301]::(217.0, 47.0, 183.0, 244.0)::(107.0, 12.0)->(2, 0)
[-19.126838684082, 8.95687198638916, -1.54267144203186]::(217.0, 47.0, 183.0, 244.0)::(87.0, 12.0)->(2, 0)
[-19.9888324737549, 9.47552585601807, -1.50222599506378]::(217.0, 47.0, 183.0, 244.0)::(85.0, 12.0)->(2, 0)
[-19.3820972442627, 9.44097232818604, -1.74339020252228]::(217.0, 47.0, 183.0, 244.0)::(85.0, 12.0)->(2, 0)
[-18.3247833251953, 9.17387294769287, -1.53385484218597]::(217.0, 47.0, 183.0, 244.0)::(85.0, 12.0)->(2, 0)
[-19.3391666412354, 9.46207904815674, -1.55751049518585]::(217.0, 47.0, 183.0, 244.0)::(85.0, 12.0)->(2, 0)
[-19.3219814300537, 9.7327709197998, -1.64682519435883]::(217.0, 47.0, 183.0, 244.0)::(90.0, 12.0)->(2, 0)
[-19.0451316833496, 8.93293762207031, -1.72398090362549]::(217.0, 47.0, 183.0, 244.0)::(97.0, 12.0)->(2, 0)
[-18.732666015625, 8.76408576965332, -1.48089039325714]::(217.0, 47.0, 183.0, 244.0)::(97.0, 12.0)->(2, 0)
[-19.9580688476562, 9.36498928070068, -1.69828069210052]::(217.0, 47.0, 183.0, 244.0)::(100.0, 12.0)->(2, 0)
[-19.4734687805176, 9.24645900726318, -1.69107687473297]::(217.0, 47.0, 183.0, 244.0)::(85.0, 12.0)->(2, 0)
[-18.6530303955078, 8.88560676574707, -1.31613719463348]::(217.0, 47.0, 183.0, 244.0)::(112.0, 12.0)->(2, 0)
[-19.9205131530762, 9.73023700714111, -1.63045191764832]::(217.0, 47.0, 183.0, 244.0)::(87.0, 12.0)->(2, 0)
[-18.5488395690918, 8.61261558532715, -1.18281233310699]::(217.0, 47.0, 183.0, 244.0)::(107.0, 12.0)->(2, 0)
[-19.7573852539062, 9.35473537445068, -1.69090890884399]::(217.0, 47.0, 183.0, 244.0)::(107.0, 12.0)->(2, 0)
[-18.7898082733154, 8.48623466491699, -1.60235011577606]::(217.0, 47.0, 183.0, 244.0)::(107.0, 12.0)->(2, 0)
[-18.4282073974609, 8.27311325073242, -1.48408961296082]::(217.0, 47.0, 183.0, 244.0)::(95.0, 12.0)->(2, 0)
[-19.1014518737793, 8.82157802581787, -1.71148002147675]::(217.0, 47.0, 183.0, 244.0)::(87.0, 12.0)->(2, 0)
[-20.9094715118408, 9.60148620605469, -2.03555512428284]::(217.0, 47.0, 183.0, 244.0)::(87.0, 12.0)->(2, 0)
[-20.5467281341553, 8.82296371459961, -1.69731819629669]::(217.0, 47.0, 183.0, 244.0)::(87.0, 12.0)->(2, 0)
[-19.6086273193359, 9.1393404006958, -1.91926693916321]::(217.0, 47.0, 183.0, 244.0)::(90.0, 12.0)->(2, 0)
[-21.2597236633301, 9.59550762176514, -1.993488073349]::(217.0, 47.0, 183.0, 244.0)::(104.0, 12.0)->(2, 0)
[-22.6571617126465, 9.11800003051758, -2.20554399490356]::(217.0, 47.0, 183.0, 244.0)::(102.0, 12.0)->(2, 0)
[-20.2601947784424, 8.98152828216553, -1.75711464881897]::(217.0, 47.0, 183.0, 244.0)::(87.0, 12.0)->(2, 0)
[-18.4170837402344, 8.71501636505127, -1.35540294647217]::(217.0, 47.0, 183.0, 244.0)::(110.0, 12.0)->(2, 0)
[-20.6680183410645, 8.71373176574707, -1.97940254211426]::(217.0, 47.0, 183.0, 244.0)::(90.0, 12.0)->(2, 0)
[-19.881046295166, 9.53330230712891, -1.82749998569489]::(217.0, 47.0, 183.0, 244.0)::(90.0, 12.0)->(2, 0)
[-20.7223777770996, 9.73423671722412, -2.15936326980591]::(217.0, 47.0, 183.0, 244.0)::(87.0, 12.0)->(2, 0)
[-21.7747097015381, 9.72260475158691, -2.04663515090942]::(217.0, 47.0, 183.0, 244.0)::(90.0, 12.0)->(2, 0)
[-21.0697326660156, 9.67264556884766, -1.98430383205414]::(217.0, 47.0, 183.0, 244.0)::(95.0, 12.0)->(2, 0)
[-19.9052810668945, 8.99757480621338, -1.57268095016479]::(217.0, 47.0, 183.0, 244.0)::(92.0, 12.0)->(2, 0)
[-19.3184032440186, 9.33177757263184, -1.49821186065674]::(217.0, 47.0, 183.0, 244.0)::(90.0, 12.0)->(2, 0)
[-21.3311347961426, 8.87482452392578, -1.82811653614044]::(217.0, 47.0, 183.0, 244.0)::(90.0, 12.0)->(2, 0)
[-20.9530696868896, 9.37844371795654, -1.69522881507874]::(217.0, 47.0, 183.0, 244.0)::(90.0, 12.0)->(2, 0)
[-18.9364337921143, 9.07072448730469, -1.36911070346832]::(217.0, 47.0, 183.0, 244.0)::(92.0, 12.0)->(2, 0)
[-22.1027870178223, 9.08110618591309, -2.07004523277283]::(217.0, 47.0, 183.0, 244.0)::(104.0, 12.0)->(2, 0)
[-18.8528881072998, 8.64775848388672, -1.60388374328613]::(217.0, 47.0, 183.0, 244.0)::(90.0, 12.0)->(2, 0)
[-20.2741775512695, 9.03033065795898, -2.08845639228821]::(217.0, 47.0, 183.0, 244.0)::(87.0, 12.0)->(2, 0)
[-20.0644092559814, 9.47471046447754, -2.01806116104126]::(217.0, 47.0, 183.0, 244.0)::(90.0, 12.0)->(2, 0)
[-19.4028644561768, 9.16251087188721, -1.57699978351593]::(217.0, 47.0, 183.0, 244.0)::(90.0, 12.0)->(2, 0)
[-22.21120262146, 9.56828212738037, -2.06471395492554]::(217.0, 47.0, 183.0, 244.0)::(112.0, 12.0)->(2, 0)
[-21.289478302002, 9.3940315246582, -2.17906904220581]::(217.0, 47.0, 183.0, 244.0)::(90.0, 12.0)->(2, 0)
[-22.2226638793945, 8.82123374938965, -1.96870946884155]::(217.0, 47.0, 183.0, 244.0)::(78.0, 11.0)->(2, 0)
[-19.8855094909668, 9.09331226348877, -1.97182786464691]::(217.0, 47.0, 183.0, 244.0)::(92.0, 11.0)->(2, 0)
[-20.1209659576416, 8.6730899810791, -1.77104532718658]::(217.0, 47.0, 183.0, 244.0)::(105.0, 11.0)->(2, 0)
[-19.8046112060547, 8.68302536010742, -2.09468746185303]::(217.0, 47.0, 183.0, 244.0)::(105.0, 11.0)->(2, 0)
[-20.1552619934082, 8.59506130218506, -1.85756874084473]::(217.0, 47.0, 183.0, 244.0)::(102.0, 11.0)->(2, 0)
[-19.9989280700684, 9.14260768890381, -1.74206864833832]::(217.0, 47.0, 183.0, 244.0)::(102.0, 11.0)->(2, 0)
[-20.3038444519043, 8.95301532745361, -1.81375288963318]::(217.0, 47.0, 183.0, 244.0)::(102.0, 11.0)->(2, 0)
[-19.3126735687256, 8.46993541717529, -1.66702508926392]::(217.0, 47.0, 183.0, 244.0)::(97.0, 11.0)->(2, 0)
[-20.8822422027588, 8.80868434906006, -1.92719423770905]::(217.0, 47.0, 183.0, 244.0)::(76.0, 11.0)->(2, 0)
[-19.9898815155029, 9.37365913391113, -2.00341796875]::(217.0, 47.0, 183.0, 244.0)::(102.0, 11.0)->(2, 0)
[-22.3598041534424, 9.17783069610596, -2.03351211547852]::(217.0, 47.0, 183.0, 244.0)::(102.0, 11.0)->(2, 0)
[-21.5576305389404, 8.88382053375244, -2.02646422386169]::(217.0, 47.0, 183.0, 244.0)::(102.0, 11.0)->(2, 0)
[-21.8174457550049, 9.79996585845947, -2.26058149337769]::(217.0, 47.0, 183.0, 244.0)::(102.0, 11.0)->(2, 0)
[-19.6795177459717, 9.11599922180176, -1.94933342933655]::(217.0, 47.0, 183.0, 244.0)::(102.0, 11.0)->(2, 0)
[-21.1535301208496, 10.1466445922852, -1.93889665603638]::(217.0, 47.0, 183.0, 244.0)::(102.0, 11.0)->(2, 0)
[-19.9228706359863, 8.85620975494385, -1.73818576335907]::(217.0, 47.0, 183.0, 244.0)::(78.0, 11.0)->(2, 0)
[-20.0124187469482, 9.23471260070801, -1.73361945152283]::(217.0, 47.0, 183.0, 244.0)::(105.0, 11.0)->(2, 0)
[-19.9309883117676, 9.04664993286133, -1.98053848743439]::(217.0, 47.0, 183.0, 244.0)::(81.0, 11.0)->(2, 0)
[-22.0015830993652, 9.39901351928711, -2.11310315132141]::(217.0, 47.0, 183.0, 244.0)::(100.0, 11.0)->(2, 0)
[-19.3541431427002, 9.93560314178467, -1.74130380153656]::(217.0, 47.0, 183.0, 244.0)::(105.0, 11.0)->(2, 0)
[-22.0458869934082, 8.7305383682251, -1.91536390781403]::(217.0, 47.0, 183.0, 244.0)::(84.0, 11.0)->(2, 0)
[-20.7590084075928, 9.0821418762207, -1.97900462150574]::(217.0, 47.0, 183.0, 244.0)::(105.0, 11.0)->(2, 0)
[-21.8554210662842, 8.9787073135376, -1.84402668476105]::(217.0, 47.0, 183.0, 244.0)::(105.0, 11.0)->(2, 0)
[-21.5310955047607, 9.60896492004395, -2.07769775390625]::(217.0, 47.0, 183.0, 244.0)::(100.0, 11.0)->(2, 0)
[-20.002462387085, 8.36709690093994, -1.73970007896423]::(217.0, 47.0, 183.0, 244.0)::(120.0, 11.0)->(3, 0)
[-20.9959964752197, 8.9009428024292, -2.15677237510681]::(217.0, 47.0, 183.0, 244.0)::(123.0, 11.0)->(3, 0)
[-20.0929088592529, 8.67116737365723, -1.66300666332245]::(217.0, 47.0, 183.0, 244.0)::(125.0, 11.0)->(3, 0)
[-20.5445384979248, 8.83398914337158, -1.94535446166992]::(217.0, 47.0, 183.0, 244.0)::(123.0, 11.0)->(3, 0)
[-19.8860912322998, 8.64151096343994, -1.93726897239685]::(217.0, 47.0, 183.0, 244.0)::(123.0, 11.0)->(3, 0)
[-19.8292407989502, 8.2882137298584, -1.68129909038544]::(217.0, 47.0, 183.0, 244.0)::(123.0, 11.0)->(3, 0)
[-19.2498950958252, 8.49447727203369, -1.74354028701782]::(217.0, 47.0, 183.0, 244.0)::(120.0, 11.0)->(3, 0)
[-19.9386863708496, 8.39706420898438, -1.64837539196014]::(217.0, 47.0, 183.0, 244.0)::(102.0, 11.0)->(3, 0)
[-19.8921031951904, 8.65007591247559, -1.95578861236572]::(217.0, 47.0, 183.0, 244.0)::(120.0, 11.0)->(3, 0)
[-19.1131057739258, 8.83444404602051, -1.78918969631195]::(217.0, 47.0, 183.0, 244.0)::(123.0, 11.0)->(3, 0)
[-20.0222129821777, 8.94143390655518, -2.14617848396301]::(217.0, 47.0, 183.0, 244.0)::(123.0, 11.0)->(3, 0)
[-18.9298934936523, 8.99265384674072, -1.65276312828064]::(217.0, 47.0, 183.0, 244.0)::(125.0, 11.0)->(3, 0)
[-20.7846050262451, 9.32111072540283, -2.05829405784607]::(217.0, 47.0, 183.0, 244.0)::(125.0, 11.0)->(3, 0)
[-19.8818244934082, 8.58491992950439, -1.75858914852142]::(217.0, 47.0, 183.0, 244.0)::(125.0, 11.0)->(3, 0)
[-22.4334926605225, 9.08937168121338, -2.71973609924316]::(215.0, 40.0, 192.0, 256.0)::(125.0, 11.0)->(3, 0)
[-22.6629123687744, 9.15294456481934, -2.50283098220825]::(215.0, 40.0, 192.0, 256.0)::(125.0, 11.0)->(3, 0)
[-21.5105457305908, 8.64708423614502, -2.35484409332275]::(215.0, 40.0, 192.0, 256.0)::(123.0, 11.0)->(3, 0)
[-21.8119106292725, 8.64183521270752, -2.46669435501099]::(215.0, 40.0, 192.0, 256.0)::(123.0, 11.0)->(3, 0)
[-21.6110000610352, 9.56857395172119, -2.72849798202515]::(215.0, 40.0, 192.0, 256.0)::(123.0, 11.0)->(3, 0)
[-23.0517272949219, 9.13329124450684, -2.24856305122375]::(215.0, 40.0, 192.0, 256.0)::(102.0, 11.0)->(3, 0)
[-23.2412071228027, 8.42391777038574, -2.37725496292114]::(215.0, 40.0, 192.0, 256.0)::(102.0, 11.0)->(3, 0)
[-22.4564514160156, 9.24700832366943, -2.63511991500854]::(215.0, 40.0, 192.0, 256.0)::(123.0, 11.0)->(3, 0)
[-21.9849548339844, 8.81249141693115, -2.45438361167908]::(215.0, 40.0, 192.0, 256.0)::(105.0, 11.0)->(3, 0)
[-21.6834678649902, 8.30710983276367, -2.02900385856628]::(215.0, 40.0, 192.0, 256.0)::(125.0, 11.0)->(3, 0)
[-22.4963665008545, 9.50125694274902, -2.58924627304077]::(215.0, 40.0, 192.0, 256.0)::(125.0, 11.0)->(3, 0)
[-22.5535850524902, 8.65694618225098, -2.41886115074158]::(215.0, 40.0, 192.0, 256.0)::(125.0, 11.0)->(3, 0)
[-22.2203388214111, 9.23737239837646, -2.54400730133057]::(215.0, 40.0, 192.0, 256.0)::(120.0, 11.0)->(3, 0)
[-22.7201900482178, 9.20370864868164, -2.37371253967285]::(215.0, 40.0, 192.0, 256.0)::(120.0, 11.0)->(3, 0)
[-22.7882652282715, 9.3443660736084, -2.66937446594238]::(215.0, 40.0, 192.0, 256.0)::(102.0, 11.0)->(3, 0)
[-22.5736293792725, 9.27323722839355, -2.41531682014465]::(215.0, 40.0, 192.0, 256.0)::(125.0, 11.0)->(3, 0)
[-23.0200481414795, 9.17510318756104, -2.61856722831726]::(215.0, 40.0, 192.0, 256.0)::(123.0, 11.0)->(3, 0)
[-22.2108764648438, 9.25476551055908, -2.62806010246277]::(215.0, 40.0, 192.0, 256.0)::(123.0, 11.0)->(3, 0)
[-22.5775413513184, 8.83439350128174, -2.44184398651123]::(215.0, 40.0, 192.0, 256.0)::(123.0, 11.0)->(3, 0)
[-23.2464561462402, 8.67919445037842, -2.56500577926636]::(215.0, 40.0, 192.0, 256.0)::(102.0, 11.0)->(3, 0)
[-22.3499794006348, 8.91779899597168, -2.323566198349]::(215.0, 40.0, 192.0, 256.0)::(120.0, 11.0)->(3, 0)
[-22.1311378479004, 9.13319683074951, -2.29765200614929]::(215.0, 40.0, 192.0, 256.0)::(107.0, 11.0)->(3, 0)
[-22.9682159423828, 9.33016014099121, -2.57391095161438]::(215.0, 40.0, 192.0, 256.0)::(125.0, 11.0)->(3, 0)
[-21.600549697876, 8.55599212646484, -2.18359780311584]::(215.0, 40.0, 192.0, 256.0)::(117.0, 11.0)->(3, 0)
[-22.8157253265381, 9.34185981750488, -2.67348742485046]::(215.0, 40.0, 192.0, 256.0)::(128.0, 11.0)->(3, 0)
[-22.3004837036133, 9.16179943084717, -2.64842343330383]::(215.0, 40.0, 192.0, 256.0)::(123.0, 11.0)->(3, 0)
[-22.2349472045898, 9.12769222259521, -2.36589574813843]::(215.0, 40.0, 192.0, 256.0)::(123.0, 11.0)->(3, 0)
[-22.5757160186768, 8.8419075012207, -2.28864908218384]::(215.0, 40.0, 192.0, 256.0)::(128.0, 11.0)->(3, 0)
[-21.3152713775635, 8.93833827972412, -2.56974053382874]::(215.0, 40.0, 192.0, 256.0)::(115.0, 11.0)->(3, 0)
[-21.8992671966553, 8.65617275238037, -2.42657685279846]::(215.0, 40.0, 192.0, 256.0)::(128.0, 11.0)->(3, 0)
[-21.7630882263184, 9.56802845001221, -2.61578583717346]::(215.0, 40.0, 192.0, 256.0)::(128.0, 11.0)->(3, 0)
[-19.3050079345703, 8.33195877075195, -1.69945156574249]::(221.0, 48.0, 179.0, 238.0)::(130.0, 11.0)->(3, 0)
[-20.1850128173828, 8.95600128173828, -2.12670350074768]::(221.0, 48.0, 179.0, 238.0)::(130.0, 11.0)->(3, 0)
[-19.4925365447998, 8.37796688079834, -1.51759886741638]::(221.0, 48.0, 179.0, 238.0)::(125.0, 11.0)->(3, 0)
[-19.5207977294922, 7.73789739608765, -1.51200020313263]::(221.0, 48.0, 179.0, 238.0)::(128.0, 11.0)->(3, 0)
[-20.3846874237061, 9.03222751617432, -2.13207936286926]::(221.0, 48.0, 179.0, 238.0)::(112.0, 11.0)->(3, 0)
[-20.574857711792, 8.9956750869751, -2.23187136650085]::(221.0, 48.0, 179.0, 238.0)::(112.0, 13.0)->(3, 0)
[-20.9131412506104, 9.00025463104248, -2.35295343399048]::(221.0, 48.0, 179.0, 238.0)::(97.0, 13.0)->(3, 0)
[-20.7527332305908, 9.33279418945312, -2.23878145217896]::(221.0, 48.0, 179.0, 238.0)::(115.0, 13.0)->(3, 0)
[-20.339183807373, 8.04871273040771, -1.67291331291199]::(221.0, 48.0, 179.0, 238.0)::(115.0, 13.0)->(3, 0)
[-19.4005470275879, 8.37093830108643, -1.94919061660767]::(221.0, 48.0, 179.0, 238.0)::(112.0, 13.0)->(3, 0)
[-20.1967754364014, 7.92552089691162, -1.58562421798706]::(221.0, 48.0, 179.0, 238.0)::(115.0, 13.0)->(3, 0)
[-20.4973239898682, 8.18485355377197, -1.61325991153717]::(221.0, 48.0, 179.0, 238.0)::(115.0, 13.0)->(3, 0)
[-19.8197536468506, 8.68116664886475, -1.88750016689301]::(221.0, 48.0, 179.0, 238.0)::(115.0, 13.0)->(3, 0)
[-21.2332172393799, 8.71812057495117, -2.20443725585938]::(217.0, 36.0, 192.0, 256.0)::(112.0, 13.0)->(3, 0)
[-22.3211402893066, 8.54206275939941, -2.30969309806824]::(217.0, 36.0, 192.0, 256.0)::(102.0, 13.0)->(3, 0)
[-22.3577766418457, 9.58263969421387, -2.63291049003601]::(217.0, 36.0, 192.0, 256.0)::(115.0, 13.0)->(3, 0)
[-22.3832111358643, 9.04248428344727, -2.31574034690857]::(221.0, 43.0, 183.0, 244.0)::(100.0, 13.0)->(3, 0)
[-22.031177520752, 9.2008056640625, -2.30113053321838]::(221.0, 43.0, 183.0, 244.0)::(100.0, 13.0)->(3, 0)
[-21.8936500549316, 9.1669225692749, -2.54416298866272]::(221.0, 43.0, 183.0, 244.0)::(102.0, 13.0)->(3, 0)
[-20.9434776306152, 9.3304615020752, -2.2681040763855]::(221.0, 43.0, 183.0, 244.0)::(100.0, 13.0)->(3, 0)
[-21.2065849304199, 8.58635807037354, -1.98191094398499]::(221.0, 43.0, 183.0, 244.0)::(115.0, 13.0)->(3, 0)
[-20.4706897735596, 9.26698875427246, -2.11038494110107]::(221.0, 43.0, 183.0, 244.0)::(102.0, 13.0)->(3, 0)
[-21.3327732086182, 8.46240425109863, -2.04270339012146]::(221.0, 43.0, 183.0, 244.0)::(102.0, 13.0)->(3, 0)
[-18.5614166259766, 9.1785364151001, -2.14928579330444]::(221.0, 43.0, 183.0, 244.0)::(100.0, 13.0)->(3, 0)
[-20.97900390625, 9.12985515594482, -2.26310992240906]::(221.0, 43.0, 183.0, 244.0)::(115.0, 13.0)->(3, 0)
[-18.2871208190918, 9.40435314178467, -1.79693400859833]::(221.0, 43.0, 183.0, 244.0)::(100.0, 13.0)->(3, 0)
[-20.5288410186768, 8.72482013702393, -2.42486548423767]::(221.0, 43.0, 183.0, 244.0)::(115.0, 13.0)->(3, 0)
[-20.5872364044189, 8.47000694274902, -1.69109416007996]::(221.0, 43.0, 183.0, 244.0)::(112.0, 13.0)->(3, 0)
[-19.36741065979, 9.23515510559082, -1.75889325141907]::(221.0, 43.0, 183.0, 244.0)::(100.0, 13.0)->(3, 0)
[-19.7473926544189, 9.43271446228027, -2.12572002410889]::(221.0, 43.0, 183.0, 244.0)::(102.0, 13.0)->(3, 0)
[-20.698881149292, 9.17668056488037, -2.20692825317383]::(221.0, 43.0, 183.0, 244.0)::(107.0, 13.0)->(3, 0)
[-20.5775337219238, 8.67018032073975, -2.11119675636292]::(221.0, 43.0, 183.0, 244.0)::(104.0, 13.0)->(3, 0)
[-19.3663635253906, 9.39560413360596, -2.1537549495697]::(221.0, 43.0, 183.0, 244.0)::(117.0, 13.0)->(3, 0)
[-21.7353057861328, 9.01465320587158, -2.07416296005249]::(221.0, 43.0, 183.0, 244.0)::(102.0, 13.0)->(3, 0)
[-19.510326385498, 8.63257503509521, -1.9486780166626]::(221.0, 43.0, 183.0, 244.0)::(117.0, 13.0)->(3, 0)
[-19.1503028869629, 9.38515472412109, -2.33528733253479]::(221.0, 43.0, 183.0, 244.0)::(120.0, 13.0)->(3, 0)
[-19.1835193634033, 9.54127025604248, -2.21834373474121]::(221.0, 43.0, 183.0, 244.0)::(104.0, 13.0)->(3, 0)
[-20.1685543060303, 9.5544548034668, -2.31713795661926]::(221.0, 43.0, 183.0, 244.0)::(102.0, 13.0)->(3, 0)
[-20.2491397857666, 9.35678672790527, -2.36510062217712]::(221.0, 43.0, 183.0, 244.0)::(102.0, 13.0)->(3, 0)
[-19.6256523132324, 9.56765460968018, -2.23837828636169]::(221.0, 43.0, 183.0, 244.0)::(117.0, 13.0)->(3, 0)
[-21.3439922332764, 9.12886428833008, -2.50057291984558]::(221.0, 43.0, 183.0, 244.0)::(120.0, 13.0)->(3, 0)
[-19.6829738616943, 9.42891979217529, -2.29303479194641]::(221.0, 43.0, 183.0, 244.0)::(120.0, 13.0)->(3, 0)
[-20.1594161987305, 9.50170612335205, -2.55078935623169]::(221.0, 43.0, 183.0, 244.0)::(107.0, 13.0)->(3, 0)
[-22.5485820770264, 9.71175861358643, -2.25776696205139]::(221.0, 43.0, 183.0, 244.0)::(120.0, 13.0)->(3, 0)
[-22.5984725952148, 9.3567943572998, -2.25350880622864]::(221.0, 43.0, 183.0, 244.0)::(104.0, 13.0)->(3, 0)
[-15.5496997833252, 12.6797895431519, -1.40513491630554]::(214.0, 50.0, 190.0, 253.0)::(123.0, 12.0)->(4, 0)
[-16.5051021575928, 12.3276720046997, -1.00873935222626]::(214.0, 50.0, 190.0, 253.0)::(123.0, 12.0)->(4, 0)
[-16.0290908813477, 11.8860864639282, -1.21171355247498]::(214.0, 50.0, 190.0, 253.0)::(123.0, 12.0)->(4, 0)
[-15.6273651123047, 11.6343441009521, -0.637657105922699]::(220.0, 56.0, 182.0, 242.0)::(125.0, 12.0)->(4, 0)
[-17.6188545227051, 12.4152479171753, -1.60998332500458]::(214.0, 40.0, 197.0, 262.0)::(123.0, 12.0)->(4, 0)
[-17.8156700134277, 12.7718381881714, -1.82522737979889]::(214.0, 40.0, 197.0, 262.0)::(123.0, 12.0)->(4, 0)
[-17.5217685699463, 12.9801750183105, -1.53070390224457]::(214.0, 40.0, 197.0, 262.0)::(120.0, 12.0)->(4, 0)
[-18.5110893249512, 12.4530830383301, -1.79250764846802]::(214.0, 40.0, 197.0, 262.0)::(112.0, 12.0)->(4, 0)
[-16.9521331787109, 12.2132272720337, -1.2758994102478]::(217.0, 48.0, 188.0, 250.0)::(105.0, 12.0)->(4, 0)
[-15.8018703460693, 12.4027013778687, -1.45140278339386]::(217.0, 48.0, 188.0, 250.0)::(107.0, 12.0)->(4, 0)
[-16.8068561553955, 12.9116268157959, -1.86131942272186]::(217.0, 48.0, 188.0, 250.0)::(112.0, 12.0)->(4, 0)
[-17.0280952453613, 12.8178682327271, -1.45182406902313]::(217.0, 48.0, 188.0, 250.0)::(120.0, 12.0)->(4, 0)
[-15.4363813400269, 12.8113613128662, -1.63744604587555]::(217.0, 48.0, 188.0, 250.0)::(125.0, 12.0)->(4, 0)
[-15.4263153076172, 12.57541847229, -1.41521430015564]::(217.0, 48.0, 188.0, 250.0)::(125.0, 12.0)->(4, 0)
[-16.300313949585, 11.6729278564453, -1.46054232120514]::(217.0, 48.0, 188.0, 250.0)::(123.0, 12.0)->(4, 0)
[-15.7148103713989, 12.1125593185425, -1.01624155044556]::(217.0, 48.0, 188.0, 250.0)::(125.0, 12.0)->(4, 0)
[-16.1217460632324, 12.0436639785767, -0.966198444366455]::(217.0, 48.0, 188.0, 250.0)::(128.0, 12.0)->(4, 0)
[-15.6754484176636, 12.2618246078491, -1.11178016662598]::(217.0, 48.0, 188.0, 250.0)::(128.0, 12.0)->(4, 0)
[-15.818510055542, 12.3600759506226, -0.867172539234161]::(217.0, 48.0, 188.0, 250.0)::(120.0, 12.0)->(4, 0)
[-19.051399230957, 12.9463129043579, -2.04269313812256]::(217.0, 48.0, 188.0, 250.0)::(128.0, 12.0)->(4, 0)
[-16.3456878662109, 12.1545553207397, -1.28858649730682]::(217.0, 48.0, 188.0, 250.0)::(110.0, 12.0)->(4, 0)
[-15.4259653091431, 12.1394491195679, -1.13928532600403]::(217.0, 48.0, 188.0, 250.0)::(120.0, 12.0)->(4, 0)
[-16.1829128265381, 12.028678894043, -1.26291728019714]::(217.0, 48.0, 188.0, 250.0)::(128.0, 12.0)->(4, 0)
[-17.2599868774414, 12.7374753952026, -1.32625818252563]::(217.0, 48.0, 188.0, 250.0)::(123.0, 12.0)->(4, 0)
[-16.3480606079102, 12.2979211807251, -1.28081870079041]::(217.0, 48.0, 188.0, 250.0)::(128.0, 12.0)->(4, 0)
[-16.4764938354492, 12.5067024230957, -1.67506670951843]::(217.0, 48.0, 188.0, 250.0)::(130.0, 12.0)->(4, 0)
[-17.2760829925537, 12.4518480300903, -1.60803592205048]::(217.0, 48.0, 188.0, 250.0)::(128.0, 12.0)->(4, 0)
[-15.1845798492432, 11.8374691009521, -1.13403046131134]::(217.0, 48.0, 188.0, 250.0)::(123.0, 12.0)->(4, 0)
[-15.9874629974365, 11.9748964309692, -1.00360667705536]::(224.0, 52.0, 179.0, 238.0)::(130.0, 12.0)->(4, 0)
[-14.9027471542358, 12.1967573165894, -0.877813696861267]::(214.0, 44.0, 193.0, 257.0)::(117.0, 12.0)->(4, 0)
[-14.8742809295654, 12.0792846679688, -0.956493735313416]::(223.0, 53.0, 179.0, 238.0)::(125.0, 12.0)->(4, 0)
[-19.2528305053711, 13.4678907394409, -2.23888683319092]::(218.0, 49.0, 188.0, 250.0)::(125.0, 12.0)->(4, 0)
[-16.9186935424805, 12.9950704574585, -1.7475517988205]::(218.0, 49.0, 188.0, 250.0)::(125.0, 12.0)->(4, 0)
[-17.0066909790039, 12.141547203064, -1.77976512908936]::(218.0, 49.0, 188.0, 250.0)::(130.0, 12.0)->(4, 0)
[-17.183801651001, 12.6410455703735, -1.9537980556488]::(218.0, 49.0, 188.0, 250.0)::(130.0, 12.0)->(4, 0)
[-17.2966651916504, 12.560733795166, -2.04131031036377]::(218.0, 49.0, 188.0, 250.0)::(130.0, 12.0)->(4, 0)
[-16.4670467376709, 12.743143081665, -1.59524786472321]::(218.0, 49.0, 188.0, 250.0)::(125.0, 12.0)->(4, 0)
[-16.4707641601562, 12.4221611022949, -1.82611215114594]::(218.0, 49.0, 188.0, 250.0)::(128.0, 12.0)->(4, 0)
[-19.8798408508301, 13.0957078933716, -2.17525506019592]::(216.0, 41.0, 196.0, 261.0)::(128.0, 12.0)->(4, 0)
[-17.0718250274658, 12.3734493255615, -1.42954421043396]::(222.0, 50.0, 185.0, 246.0)::(123.0, 12.0)->(4, 0)
[-16.4645099639893, 12.9465379714966, -1.63450479507446]::(222.0, 50.0, 185.0, 246.0)::(125.0, 13.0)->(4, 0)
[-17.1979522705078, 12.9917821884155, -1.9051479101181]::(215.0, 43.0, 194.0, 258.0)::(120.0, 13.0)->(4, 0)
[-17.7747707366943, 12.9188451766968, -1.68927705287933]::(215.0, 43.0, 194.0, 258.0)::(123.0, 13.0)->(4, 0)
[-17.2455425262451, 12.7322254180908, -1.78056085109711]::(215.0, 43.0, 194.0, 258.0)::(123.0, 13.0)->(4, 0)
[-17.4024982452393, 13.0215244293213, -2.03095698356628]::(215.0, 43.0, 194.0, 258.0)::(123.0, 13.0)->(4, 0)
[-18.2614326477051, 13.2409172058105, -2.2414608001709]::(215.0, 43.0, 194.0, 258.0)::(123.0, 13.0)->(4, 0)
[-18.2175102233887, 12.7024612426758, -2.08266973495483]::(215.0, 43.0, 194.0, 258.0)::(120.0, 13.0)->(4, 0)
[-16.9917259216309, 12.8762168884277, -1.90667104721069]::(215.0, 43.0, 194.0, 258.0)::(123.0, 13.0)->(4, 0)
[-17.9279174804688, 13.0057411193848, -1.93104481697083]::(215.0, 43.0, 194.0, 258.0)::(123.0, 13.0)->(4, 0)
[-16.8014392852783, 12.6479330062866, -2.0678722858429]::(215.0, 43.0, 194.0, 258.0)::(123.0, 13.0)->(4, 0)
[-17.0330867767334, 12.474666595459, -1.52273833751678]::(222.0, 51.0, 182.0, 242.0)::(125.0, 13.0)->(4, 0)
[-17.2794361114502, 13.2484035491943, -1.85748875141144]::(222.0, 51.0, 182.0, 242.0)::(128.0, 13.0)->(4, 0)
[-16.9775352478027, 12.4756498336792, -1.43635761737823]::(222.0, 51.0, 182.0, 242.0)::(130.0, 13.0)->(4, 0)
[-19.5559196472168, 14.5337476730347, -2.68131637573242]::(217.0, 44.0, 193.0, 257.0)::(125.0, 13.0)->(4, 0)
[-16.3655090332031, 13.3747510910034, -1.61399006843567]::(220.0, 49.0, 185.0, 246.0)::(125.0, 13.0)->(4, 0)
[-15.9159669876099, 12.573938369751, -1.46047234535217]::(220.0, 49.0, 185.0, 246.0)::(130.0, 13.0)->(4, 0)
[-16.9296569824219, 12.8382749557495, -2.05501937866211]::(214.0, 40.0, 196.0, 261.0)::(130.0, 13.0)->(4, 0)
[-16.2232875823975, 13.0025873184204, -1.50598239898682]::(217.0, 48.0, 188.0, 250.0)::(135.0, 13.0)->(4, 0)
[-14.6540288925171, 12.6216278076172, -1.33660435676575]::(217.0, 48.0, 188.0, 250.0)::(135.0, 13.0)->(4, 0)
[-16.6395034790039, 13.3156585693359, -1.81254994869232]::(217.0, 48.0, 188.0, 250.0)::(128.0, 13.0)->(4, 0)
[-19.9531173706055, 13.0606479644775, -2.49426078796387]::(216.0, 41.0, 197.0, 262.0)::(130.0, 13.0)->(4, 0)
[-19.6708641052246, 13.5697889328003, -2.71347784996033]::(216.0, 41.0, 197.0, 262.0)::(130.0, 13.0)->(4, 0)
[-18.7364330291748, 13.5941457748413, -2.36850166320801]::(216.0, 41.0, 197.0, 262.0)::(130.0, 13.0)->(4, 0)
[-17.7346801757812, 13.5391187667847, -1.94273948669434]::(220.0, 47.0, 188.0, 250.0)::(130.0, 13.0)->(4, 0)
[-15.2648820877075, 13.0729455947876, -1.51050972938538]::(220.0, 47.0, 188.0, 250.0)::(133.0, 13.0)->(4, 0)
[-19.334285736084, 13.9369611740112, -2.54596018791199]::(220.0, 47.0, 188.0, 250.0)::(128.0, 13.0)->(4, 0)
[-19.2132472991943, 13.6003408432007, -2.55068111419678]::(220.0, 47.0, 188.0, 250.0)::(133.0, 13.0)->(4, 0)
[-19.6880054473877, 13.7333097457886, -2.51701021194458]::(220.0, 47.0, 188.0, 250.0)::(128.0, 13.0)->(4, 0)
[-19.0852584838867, 13.9852466583252, -2.52517795562744]::(220.0, 47.0, 188.0, 250.0)::(128.0, 13.0)->(4, 0)
[-20.0014953613281, 13.1587162017822, -2.66787505149841]::(220.0, 47.0, 188.0, 250.0)::(128.0, 13.0)->(4, 0)
[-16.709867477417, 13.7262783050537, -2.0311427116394]::(220.0, 47.0, 188.0, 250.0)::(128.0, 13.0)->(4, 0)
[-18.7887535095215, 13.7685699462891, -2.41653108596802]::(220.0, 47.0, 188.0, 250.0)::(130.0, 13.0)->(4, 0)
[-15.9630126953125, 13.1855916976929, -1.71391129493713]::(220.0, 47.0, 188.0, 250.0)::(128.0, 13.0)->(4, 0)
[-17.5218868255615, 12.5877094268799, -1.93689799308777]::(220.0, 47.0, 188.0, 250.0)::(135.0, 13.0)->(4, 0)
[-17.9599151611328, 13.1220235824585, -2.43057012557983]::(220.0, 47.0, 188.0, 250.0)::(130.0, 13.0)->(4, 0)
[-16.6762046813965, 12.9557313919067, -2.05353212356567]::(220.0, 47.0, 188.0, 250.0)::(130.0, 13.0)->(4, 0)
[-17.3497200012207, 12.8625926971436, -2.03381681442261]::(220.0, 47.0, 188.0, 250.0)::(133.0, 13.0)->(4, 0)
[-15.8351106643677, 13.4312582015991, -1.91564416885376]::(220.0, 47.0, 188.0, 250.0)::(130.0, 13.0)->(4, 0)
[-16.1277561187744, 13.1309127807617, -1.93262124061584]::(220.0, 47.0, 188.0, 250.0)::(133.0, 13.0)->(4, 0)
[-16.9769515991211, 13.0830783843994, -2.30270433425903]::(220.0, 47.0, 188.0, 250.0)::(135.0, 13.0)->(4, 0)
[-17.5977802276611, 13.0493946075439, -2.16308569908142]::(220.0, 47.0, 188.0, 250.0)::(133.0, 13.0)->(4, 0)
[-16.2124137878418, 13.0128526687622, -1.73446917533875]::(220.0, 47.0, 188.0, 250.0)::(110.0, 15.0)->(4, 0)
[-17.2474212646484, 13.365665435791, -2.04488277435303]::(220.0, 47.0, 188.0, 250.0)::(115.0, 15.0)->(4, 0)
[-16.3349895477295, 12.8013381958008, -1.68066847324371]::(220.0, 47.0, 188.0, 250.0)::(115.0, 15.0)->(4, 0)
[-16.6448154449463, 13.3707180023193, -1.91743671894073]::(220.0, 47.0, 188.0, 250.0)::(112.0, 15.0)->(4, 0)
[-17.3111171722412, 13.0201435089111, -2.21706032752991]::(220.0, 47.0, 188.0, 250.0)::(110.0, 15.0)->(4, 0)
[-15.7240552902222, 12.2915840148926, -1.65361702442169]::(220.0, 47.0, 188.0, 250.0)::(110.0, 15.0)->(4, 0)
[-19.0328006744385, 13.0520992279053, -2.42650103569031]::(220.0, 47.0, 188.0, 250.0)::(112.0, 15.0)->(4, 0)
[-17.369312286377, 13.19469165802, -2.09722828865051]::(220.0, 47.0, 188.0, 250.0)::(115.0, 15.0)->(4, 0)
[-16.6490345001221, 12.6980886459351, -2.31983184814453]::(220.0, 47.0, 188.0, 250.0)::(115.0, 15.0)->(4, 0)
