Neural Network with [3] layers: 5 50 5
Loss: 0.221027, Accuracy: 100%, stepSize: 0.1, reg: 0.0001
Weights: 
0.132356 0.507429 -0.000315322 -0.569807 0.326345 0.176304 0.00111061 -1.43167 -0.000684684 -0.0011566 -1.01058 -0.000902577 0.00109542 -0.823656 0.0125279 0.256618 0.335466 0.492623 0.129423 0.000936461 -0.382299 0.0904584 0.00123252 -5.21485 -2.97321 0.000567914 -0.339007 0.22546 0.000243895 0.0252752 -9.73578e-05 0.251432 -0.000682402 -0.371873 -2.00125 0.101769 -0.760364 -0.000770731 -7.58944e-05 -0.000102191 0.000511511 -0.000570253 0.000207885 0.000583674 0.00104486 -2.99273e-05 0.000990327 -2.14108 0.112349 0.203939
-0.0278363 0.406403 5.25539e-05 0.270951 0.235321 0.477079 0.000709686 -1.11492 0.00130611 0.000356293 -0.187239 -3.59836e-05 1.41858e-05 -0.476503 -0.91939 0.517193 0.0092504 0.568781 -0.195066 -0.000237969 0.136766 0.116021 0.000672945 -1.59303 -0.492967 0.00118525 -0.580736 0.627167 0.00123265 0.00712881 0.00124804 0.759429 -6.13094e-05 -1.10916 -0.123061 -0.474812 -0.780474 0.000486099 1.9944e-05 0.00122171 0.000547308 0.000101299 0.00102094 0.000813953 6.76329e-05 0.000453853 0.00105566 -0.609054 -0.25562 0.516591
0.143683 0.666749 0.000895817 -0.0178638 0.345594 0.456595 -0.000642963 -1.10339 0.00060267 0.00104128 -0.414767 0.00107696 4.67723e-05 -0.522233 -0.526158 0.542114 0.197181 0.696661 0.0260495 0.00092436 -0.0413777 0.119313 0.00014894 -2.53309 -1.19947 -0.000703978 -0.440215 0.533582 0.00015197 0.0125024 -0.00101221 0.63175 -0.000296375 -0.761296 -0.678465 -0.228758 -0.691359 0.00110682 0.000279371 0.000359281 0.00131855 3.907e-05 -0.000159856 0.000559025 -9.92736e-05 0.000492748 0.000118954 -1.01556 -0.117993 0.497255
-0.027722 -1.07974 -0.00125976 -0.505077 -0.597141 -1.10294 -0.00122487 2.5314 0.000685753 -0.000615201 0.510699 0.00110718 -0.000491179 1.09839 1.90622 -1.21509 -0.113937 -1.38252 0.337427 -0.000624384 -0.243479 -0.268814 0.0010569 3.98173 1.39058 -0.000863712 1.25966 -1.4096 -0.000952341 -0.0213503 -0.000812661 -1.70075 -0.000805042 2.36535 0.493033 0.962746 1.73598 -0.00067633 0.000859185 -0.000164213 0.00122996 -0.00107338 0.000620659 0.000654247 -0.00117688 -0.000813209 -0.000976583 1.53921 0.516171 -1.19064
5.91219 14.1021 -0.00120864 -2.47181 6.04712 5.92014 0.000638998 -5.46079 0.000410112 -0.000172114 -3.65859 -0.00118928 0.0013162 -2.50323 1.59603 8.05393 5.42108 11.2435 5.223 -0.000229 -1.78694 1.4298 0.000337579 -19.8498 -11.5054 -0.000493862 -0.60039 4.93063 0.00130815 0.0941008 -0.000489233 5.43737 -0.0012759 -0.176457 -7.54637 1.87007 -2.50558 0.000976732 0.000675205 0.000878851 0.000950774 -0.000232697 0.000998382 -0.00130166 0.000577666 0.00112769 -0.000134394 -8.28278 0.696244 6.53745

-4.24714 -0.949869 -0.17906 1.82956 3.54639
-9.83233 -3.18748 0.141548 4.11681 8.7621
0.000691841 -0.00070976 -0.000575948 -0.00101221 0.00131855
1.69238 -0.0100781 0.722575 -0.68102 -1.72503
-4.1458 -1.49713 0.0892786 1.70128 3.8516
-3.99772 -1.91321 0.51445 1.6263 3.7685
-0.001226 -3.64931e-05 0.000818515 -0.00101037 0.000101299
2.86684 3.23937 -0.744132 -0.797082 -4.56426
0.000485298 0.00110759 9.32446e-05 0.000329224 -0.00107338
0.00117657 -0.00118941 -4.11383e-06 0.000820321 -0.000232697
2.16294 1.12237 0.324311 -0.72554 -2.88254
5.25894e-05 1.22331e-05 0.00067204 -6.38004e-05 0.00101923
0.000895732 4.40124e-05 0.000147656 -0.000299653 -0.00016198
1.2629 1.4475 -0.203024 -0.317982 -2.19027
-1.58645 1.45208 -1.29127 0.809697 0.61611
-5.49474 -2.34982 0.501283 2.25766 5.08827
-3.79442 -0.969946 -0.226306 1.58383 3.40636
-7.69174 -3.01498 0.413141 3.15531 7.13464
-3.82685 -0.517619 -0.406969 1.67689 3.07789
-0.00117242 -0.00115372 -0.00100031 -0.000242754 -0.00130166
1.2072 0.0986148 0.424561 -0.482496 -1.24916
-0.946375 -0.469133 0.0984344 0.376111 0.941657
0.000240819 -0.000603376 -0.00134523 -0.00110381 -9.9286e-05
11.5706 7.13397 0.787782 -3.81223 -15.6801
6.92897 3.3134 1.04039 -2.38812 -8.89548
7.28875e-05 -9.62337e-05 0.000567914 -0.000364484 -2.99273e-05
0.0281453 1.24887 -0.628448 0.144184 -0.791693
-3.19137 -2.03797 0.71273 1.23863 3.27598
-0.000227363 0.000707835 -0.000863712 0.000766405 -0.000813209
-0.0548081 -0.0343635 0.00028708 0.0146331 0.0760403
0.00111061 0.000887296 0.00104746 -0.00040729 0.000990327
-3.48517 -2.37725 0.88307 1.33923 3.64116
-0.000642313 -0.00131055 -0.000946593 0.000836051 0.000118791
-0.535961 2.1703 -1.35044 0.473614 -0.757543
4.61943 1.80473 0.991474 -1.62023 -5.7938
-1.53966 0.559822 -0.728738 0.71347 0.995243
1.14991 2.00709 -0.664949 -0.229111 -2.26223
0.000694021 0.000610118 -0.000954015 0.00110682 -0.000146097
0.00132547 0.00135139 0.000235499 -0.000674182 -0.000496319
-0.000364485 0.00105174 0.000935362 0.000976732 3.96784e-05
-0.000684684 -0.000722156 0.000243895 -7.77836e-05 0.00103261
0.00130611 -0.000524225 0.00123265 1.61206e-05 -0.000163144
0.000602272 -0.000403652 0.000151572 0.000271662 -8.6615e-05
0.000685753 3.59276e-05 -0.000952341 0.000859537 0.000830003
0.000410112 0.000246615 0.00130815 0.000692486 -0.000364974
-0.0011566 0.000936461 -0.000246939 -0.000102191 -0.000780825
0.000356293 -0.000237969 -0.000969479 0.00122171 0.00135095
4.86873 2.86504 0.390811 -1.62467 -6.49835
-0.583532 0.344051 -0.408383 0.251661 0.394481
-4.41632 -2.0896 0.545103 1.79863 4.16295

Bias: 
0.453439 1.28082 0 0.433407 0.513377 0.788811 0 -0.127026 0 0 0.346865 -3.80236e-05 -0.000162987 0.089586 -0.220921 0.962413 0.285879 1.13866 0.267476 0 0.252224 0.15278 -7.00082e-05 1.23675 0.981003 0 -0.1488 0.763677 0 0.00922106 0 0.893126 -0.000194905 -0.31473 0.821535 -0.0794545 -0.138753 0 -0.000503048 0 0 0 -0.000147187 0 0 0 0 0.532898 -0.050457 0.850492

-1.32004 -0.0325198 2.9281 -0.0514263 -1.52411

End File