Neural Network with [3] layers: 5 50 5
Loss: 0.250348, Accuracy: 100%, stepSize: 0.1, reg: 0.0001
Weights: 
-0.00135332 -2.785 -0.000315322 0.344083 -1.59198 -1.07451 -0.623291 -0.000464915 -0.000684684 -0.0011566 1.32862 -0.000902658 -0.380745 0.44014 -0.197135 -1.52962 -1.49505 -2.17064 -0.932888 0.000935207 0.542896 -0.482115 0.180267 4.00241 1.75342 0.965271 0.684683 -1.34011 0.000243895 -0.000246939 -9.73578e-05 -1.38199 -0.000682511 0.25604 -0.000998254 -0.632644 -0.00040729 -0.000770731 -8.55296e-05 -0.000102191 0.000511511 -0.000570253 -0.78281 0.286323 0.0376005 -2.99273e-05 0.000990327 1.91448 -0.259366 -0.000780825
-0.000997309 -0.918604 5.25539e-05 0.0700346 -0.4848 -0.374342 -0.162073 0.00035901 0.00130611 0.000356293 0.0197729 -3.64931e-05 -0.110939 -0.097047 -0.0539388 -0.519913 -0.481458 -0.684083 -0.314954 -0.000237215 0.111034 -0.172409 0.000701377 -0.118889 0.0765405 0.0403224 -0.0231296 -0.396448 0.00123265 -0.000969479 0.00124804 -0.433056 -6.37915e-05 -0.223818 0.00104383 -0.182479 -0.000129108 0.000486099 2.15083e-05 0.00122171 0.000547308 0.000101299 -0.263401 0.0236536 -0.0153013 0.000453853 0.00105566 -0.0675083 -0.103383 0.00135095
0.000691841 -1.22945 0.000895817 0.0991615 -0.67411 -0.485231 -0.258325 0.000694021 0.00060267 0.00104128 0.214568 0.00107633 -0.163687 0.000712395 -0.0840753 -0.682636 -0.652979 -0.93613 -0.420258 0.000925461 0.155875 -0.222946 0.0254298 0.527421 0.332104 0.17633 0.0819221 -0.55584 0.00015197 0.00017566 -0.00101221 -0.587087 -0.000299591 -0.135444 -0.00110385 -0.261531 0.000836214 0.00110682 0.000279594 0.000359281 0.00131855 3.907e-05 -0.345386 0.0589608 -0.0106751 0.000492748 0.000118954 0.239253 -0.127185 -0.000937581
-0.000111921 -0.32706 -0.00125976 -0.0556657 -0.322422 -0.0180643 -0.412127 0.00132908 0.000685753 -0.000615201 0.852464 0.00110759 -0.133259 0.677432 -0.160902 -0.0287366 -0.17269 -0.366689 -0.126752 -0.000624888 -0.116853 0.0685163 0.172037 3.45348 1.07668 0.568007 0.525131 -0.290858 -0.000952341 -0.000670914 -0.000812661 -0.185567 -0.000803206 0.952922 -0.00091432 -0.211945 0.0011684 -0.00067633 0.000855632 -0.000164213 0.00122996 -0.00107338 0.0202995 0.159632 0.0452503 -0.000813209 -0.000976583 1.66869 0.0808496 0.00035319
8.86904e-05 17.0366 -0.00120864 -1.30095 9.84541 6.36919 4.61837 -0.000364485 0.000410112 -0.000172114 -6.33449 -0.00118941 2.57236 -2.57641 1.55314 8.97711 9.08259 13.3849 5.83213 -0.000228849 -1.9337 2.70465 -0.949967 -20.3651 -8.74038 -4.66197 -3.21996 8.19396 0.00130815 -3.10874e-05 -0.000489233 8.27753 -0.00127654 -1.66374 -0.00116099 4.05927 0.000410457 0.000976732 0.000690045 0.000878851 0.000950774 -0.000232697 4.46906 -1.37682 -0.0526266 0.00112769 -0.000134394 -9.61971 1.41823 0.000314923

-0.00135332 0.000721316 0.00010097 -9.73578e-05 0.000511511
-12.8078 -3.93948 2.23774 5.08148 9.42873
0.000691841 -0.00070976 -0.000575948 -0.00101221 0.00131855
0.886704 0.501351 -0.180429 -0.473391 -0.73541
-7.38005 -2.24229 1.21756 2.86419 5.53982
-4.78864 -1.52942 0.889098 1.96233 3.46494
-3.49808 -0.850514 0.452608 1.17124 2.7234
0.000484129 0.00107633 -0.00126387 0.000409395 3.907e-05
0.000485298 0.00110759 9.32446e-05 0.000329224 -0.00107338
0.00117657 -0.00118941 -4.11383e-06 0.000820321 -0.000232697
4.33619 1.82389 -0.338598 -1.60378 -4.21616
5.25539e-05 1.2242e-05 0.000672048 -6.37915e-05 0.00101924
-1.92817 -0.549596 0.278327 0.728159 1.4719
1.73757 0.595783 0.0577115 -0.474872 -1.91707
-1.19226 -0.252864 0.156943 0.368026 0.920322
-6.73457 -2.17651 1.24759 2.76994 4.89621
-6.80258 -2.13606 1.16904 2.73005 5.03907
-10.0483 -3.06247 1.69651 3.93054 7.48011
-4.3998 -1.31399 0.766812 1.72386 3.22647
-0.00117241 -0.00115366 -0.00100034 -0.000242778 -0.00130169
1.30808 0.785333 -0.28885 -0.723862 -1.08198
-2.01424 -0.712742 0.393642 0.896795 1.43724
0.677126 0.2156 -0.0590613 -0.19274 -0.643835
14.0104 5.37762 -0.785009 -4.68045 -13.9226
6.06468 2.41964 -0.534043 -2.24831 -5.70282
3.2186 1.32694 -0.289411 -1.20538 -3.05059
2.17559 0.92993 -0.119876 -0.768746 -2.21584
-6.13393 -1.87547 1.0086 2.36783 4.63097
-0.000227363 0.000707835 -0.000863712 0.000766405 -0.000813209
0.000544558 0.000731357 -0.000493862 -0.000120969 0.00112769
0.00111061 0.000887296 0.00104746 -0.00040729 0.000990327
-6.19804 -1.94659 1.07216 2.45874 4.61476
-0.000642963 -0.00131039 -0.000946431 0.000836214 0.000118954
1.05434 0.25316 0.276668 0.00445387 -1.58865
0.000638998 0.000996727 -0.000309063 0.000410457 -0.000134394
-3.05431 -0.869574 0.477893 1.12214 2.32399
0.00035901 0.000639384 -7.00942e-07 0.000486099 -0.000769963
0.000694021 0.000610118 -0.000954015 0.00110682 -0.000146097
0.00132877 0.00135156 0.000235853 -0.000675933 -0.000498394
-0.000364485 0.00105174 0.000935362 0.000976732 3.96784e-05
-0.000684684 -0.000722156 0.000243895 -7.77836e-05 0.00103261
0.00130611 -0.000524225 0.00123265 1.61206e-05 -0.000163144
-3.33748 -1.12489 0.62719 1.40906 2.42666
0.973169 0.370501 -0.116464 -0.34062 -0.885128
0.0157174 0.0380528 0.0127451 0.00892527 -0.0731482
-0.0011566 0.000936461 -0.000246939 -0.000102191 -0.000780825
0.000356293 -0.000237969 -0.000969479 0.00122171 0.00135095
6.60912 2.54856 -0.368101 -2.17962 -6.6084
-1.05739 -0.393552 0.223675 0.49977 0.725778
-0.000172114 -0.000229 -3.10874e-05 0.000878851 0.000314923

Bias: 
0 1.86263 0 0.18503 1.00681 0.690918 0.611979 0 0 0 0.75875 0 0.250583 0.402659 0.273189 0.926733 0.885646 1.41723 0.696163 -6.35011e-05 0.304557 0.207515 0.00829186 2.12718 0.773329 0.464317 0.47874 0.817407 0 0 0 0.825308 0 0.432191 0 0.469965 0 0 -0.000438636 0 0 0 0.400493 0.0416137 0.0663254 0 0 1.01578 0.104232 0

-2.40871 1.83982 2.03573 0.043458 -1.5103

End File