Neural Network with [3] layers: 5 50 5
Loss: 0.195529, Accuracy: 100%, stepSize: 0.1, reg: 0.0001
Weights: 
-2.43604 -3.03646 -0.000315322 -0.310058 -1.07961 -0.347684 0.00111061 -0.000464915 -0.000684684 -1.5304 0.000721316 -0.000902658 0.00109527 1.40857 1.18979 2.02573 -0.985344 0.000350632 -1.62272 0.000936461 -0.442598 -0.268495 0.00123252 0.000925791 -1.23098 0.000567914 0.00104746 -0.301 0.000243895 -2.51444 4.5669 -0.197241 -2.68408 0.0010872 2.10823 -1.33186 -0.00040729 -0.000765442 -7.59444e-05 -0.000102191 0.000511511 2.39391 0.000207647 0.000583674 0.00104486 -2.60186e-05 0.000990327 0.00132455 0.00103261 -0.0366881
-4.71309 -5.80042 5.25539e-05 -0.555894 -2.05393 -0.596347 0.000709686 0.00035901 0.00130611 -2.86084 -6.0273e-05 -3.64931e-05 1.2242e-05 2.8027 2.41314 4.08174 -1.85992 0.000639384 -3.12851 -0.000237969 -0.706237 -0.452698 0.000672048 -0.0009209 -1.78692 0.00118525 0.000411574 -0.537764 0.00123265 -4.9343 9.43862 -0.299774 -5.20846 -0.000198948 4.99092 -2.57616 -0.000129108 0.000488801 1.71372e-05 0.00122171 0.000547308 5.02463 0.00101924 0.000813953 6.76329e-05 0.000456011 0.00105566 -0.000769963 -0.000163144 -0.0248718
0.848039 1.03147 0.000895817 0.0973859 0.364253 0.0958606 -0.000642963 0.000694021 0.00060267 0.512461 -0.00070976 0.00107633 4.40971e-05 -0.515289 -0.447714 -0.755518 0.324466 0.000610118 0.560898 0.00092436 0.118837 0.0765276 0.000147741 -0.000777489 0.285331 -0.000703978 -0.000946431 0.0886299 0.00015197 0.896692 -1.74623 0.040579 0.943106 -0.000968934 -0.961123 0.461648 0.000836214 0.00111121 0.000272987 0.000359281 0.00131855 -0.934261 -0.000162296 0.000559025 -9.92736e-05 0.000495393 0.000118954 -0.000146097 -8.7881e-05 -0.00145942
1.28021 1.57013 -0.00125976 0.150173 0.556602 0.155584 -0.00122487 0.00132908 0.000685753 0.775219 -0.000609255 0.00110759 -0.00048982 -0.765623 -0.661334 -1.11849 0.501252 0.00135187 0.849332 -0.000624384 0.187131 0.121397 0.0010576 0.000581151 0.467481 -0.000863712 0.000490846 0.142715 -0.000952341 1.34455 -2.58962 0.0745832 1.41784 0.0012112 -1.38874 0.700295 0.0011684 -0.000674572 0.000859994 -0.000164213 0.00122996 -1.382 0.000621853 0.000654247 -0.00117688 -0.000812246 -0.000976583 -0.000498753 0.000830003 0.00480342
4.39003 13.11 -0.00120864 -1.75331 6.24552 7.84552 0.000638998 -0.000364485 0.000410112 -4.68914 -0.000380924 -0.00118941 0.00131718 3.83938 6.33323 9.32749 7.87355 0.00105174 3.27478 -0.000229 -3.94521 -1.56863 0.000337927 -0.00100031 -12.5442 -0.000493862 -0.000309063 6.06946 0.00130815 -2.05089 -1.71255 9.89149 -4.62668 -0.000242754 -10.8228 3.26745 0.000410457 0.000972747 0.000691504 0.000878851 0.000950774 -2.271 0.000999478 -0.00130166 0.000577666 0.00112545 -0.000134394 3.96784e-05 -0.000364974 3.41885

-4.23479 -0.201727 -2.58965 3.98053 3.04551
-11.0248 -1.39306 -0.981847 5.25286 8.14754
0.000691841 -0.00070976 -0.000575948 -0.00101221 0.00131855
1.16776 0.361759 -0.935316 0.397588 -0.992966
-5.10322 -0.740115 0.102877 1.92498 3.8147
-6.0385 -1.1045 1.75915 0.840344 4.54181
-0.001226 -3.64931e-05 0.000818515 -0.00101037 0.000101299
0.000484129 0.00107633 -0.00126387 0.000409395 3.907e-05
0.000485298 0.00110759 9.32446e-05 0.000329224 -0.00107338
2.84441 1.1033 -3.60897 2.17799 -2.51616
-0.000315322 0.00109527 0.00123252 -0.000682511 0.000207647
5.25539e-05 1.2242e-05 0.000672048 -6.37915e-05 0.00101924
0.000895817 4.40971e-05 0.000147741 -0.000299591 -0.000162296
-2.35041 -0.8311 3.38214 -2.0708 1.8693
-4.30784 -1.15961 3.77248 -1.64603 3.34117
-6.24295 -1.75888 5.99268 -2.84302 4.85483
-6.29438 -1.00118 0.731121 1.84598 4.71799
-0.0013325 -0.00110775 -0.000777489 -0.000968934 0.000559025
-3.0882 -0.180905 -1.61211 2.66375 2.22081
-0.00117242 -0.00115372 -0.00100031 -0.000242754 -0.00130166
2.69961 0.797974 -1.64285 0.484395 -2.34041
1.03129 0.341679 -0.787624 0.337826 -0.922478
0.000240831 -0.000603368 -0.00134522 -0.00110385 -9.92736e-05
0.00116505 0.00112007 -0.000231981 -0.00091432 -0.00117688
8.58482 2.58328 -4.8027 1.24134 -7.60758
7.28875e-05 -9.62337e-05 0.000567914 -0.000364484 -2.99273e-05
-0.00110442 0.00119359 0.00118525 -0.000668394 0.000453853
-4.67172 -0.860792 1.28866 0.699191 3.54267
-0.000227363 0.000707835 -0.000863712 0.000766405 -0.000813209
0.575208 0.778053 -4.60468 3.86858 -0.615369
2.78617 -0.262567 7.35998 -7.39406 -2.4859
-7.50861 -1.45032 2.57893 0.685995 5.69504
2.40009 1.24977 -5.53337 4.01746 -2.1359
-0.00122487 0.000510088 0.000490846 0.0011684 -0.000976583
8.46199 1.84878 1.27987 -4.00725 -7.58179
-2.96198 -0.2459 -1.17161 2.20973 2.1699
0.00035901 0.000639384 -7.00942e-07 0.000486099 -0.000769963
0.000692644 0.000609103 -0.000954028 0.00110713 -0.000144001
0.00132906 0.00135185 0.000235969 -0.000676347 -0.000498684
-0.000364485 0.00105174 0.000935362 0.000976732 3.96784e-05
-0.000684684 -0.000722156 0.000243895 -7.77836e-05 0.00103261
2.44239 0.128845 3.56287 -3.949 -2.18323
0.00060267 -0.000403254 0.00015197 0.000271734 -8.7881e-05
0.000685753 3.59276e-05 -0.000952341 0.000859537 0.000830003
0.000410112 0.000246615 0.00130815 0.000692486 -0.000364974
-0.00115696 0.000936102 -0.000246945 -0.000102393 -0.0007799
0.000356293 -0.000237969 -0.000969479 0.00122171 0.00135095
0.00104128 0.00092436 0.00017566 0.000359281 -0.000937581
-0.000615201 -0.000624384 -0.000670914 -0.000164213 0.00035319
-2.58559 -0.499991 0.954691 0.176895 1.95475

Bias: 
0.247986 0.766594 0 0.140729 0.303904 0.48728 0 0 0 0.449791 0 0 0 0.245671 0.380497 0.5857 0.417341 0 0.218293 0 0.512482 0.254399 0 0 2.13425 0 0 0.287196 0 -0.0928726 1.83374 0.528436 0.106273 0 3.06667 0.144623 0 -0.000425055 -0.000125189 0 0 1.26578 0 0 0 -0.000264241 0 0 0 0.204319

-1.78224 1.21904 1.69728 1.06149 -2.19556

End File