Neural Network with [3] layers: 5 50 5
Loss: 0.231066, Accuracy: 100%, stepSize: 0.1, reg: 0.0001
Weights: 
-0.654809 -0.811465 3.10211 -0.117887 -0.766902 1.00346 0.00111061 -0.000464915 -0.000680513 -0.0247298 0.000721316 -0.000893613 0.00109527 -1.69283e-06 1.63504 0.451848 0.0640257 0.000350632 -1.13632 0.000936461 1.53348 0.000194921 0.00123252 0.000925791 4.89502 0.000567914 0.00104746 -0.0872715 0.000245097 -0.835865 5.64631 1.36339 -1.80845 0.0010872 7.43863 -0.394145 -0.000402474 -2.86931 -7.28987e-05 -0.000102191 0.000511511 5.32719 0.000207647 0.000583674 0.00104486 -2.09988e-05 0.000990327 0.00132455 0.00103261 -1.81304
-2.22071 -5.12056 1.45099 0.233153 -2.85385 -1.93067 0.000709686 0.00035901 0.00130762 0.549959 -6.0273e-05 -3.34648e-05 1.2242e-05 -0.000628678 -1.53001 -2.60054 -2.4184 0.000639384 -1.87252 -0.000237969 0.831348 0.000818977 0.000672048 -0.0009209 2.5911 0.00118525 0.000411574 -2.26988 0.00123305 -0.277778 2.20565 -2.4971 -0.0931889 -0.000198948 3.27176 -1.80063 -0.000127353 -1.05379 1.7894e-05 0.00122171 0.000547308 2.08179 0.00101924 0.000813953 6.76329e-05 0.000457054 0.00105566 -0.000769963 -0.000163144 -2.00874
-0.713953 -1.51771 0.943409 0.0355512 -0.903302 -0.340195 -0.000642963 0.000694021 0.000604398 0.127575 -0.00070976 0.00107997 4.40971e-05 -0.00110216 -0.121778 -0.620469 -0.639792 0.000610118 -0.711978 0.00092436 0.494084 -0.00126339 0.000147741 -0.000777489 1.54746 -0.000703978 -0.000946431 -0.627004 0.00015245 -0.228972 1.67945 -0.429853 -0.369416 -0.000968934 2.19099 -0.554548 0.000838228 -0.813486 0.000273742 0.000359281 0.00131855 1.56964 -0.000162296 0.000559025 -9.92736e-05 0.000496454 0.000118954 -0.000146097 -8.7881e-05 -0.874204
2.31738 5.06184 -2.53952 -0.161687 2.94795 1.33895 -0.00122487 0.00132908 0.000686383 -0.460659 -0.000609255 0.00110931 -0.00048982 0.00121502 0.701623 2.1932 2.18631 0.00135187 2.18684 -0.000624384 -1.35336 9.34441e-05 0.0010576 0.000581151 -4.21207 -0.000863712 0.000490846 2.11274 -0.000952086 0.586408 -4.57728 1.69529 0.822732 0.0012112 -5.82311 1.82402 0.00116903 2.11339 0.000860287 -0.000164213 0.00122996 -4.2378 0.000621853 0.000654247 -0.00117688 -0.000811947 -0.000976583 -0.000498753 0.000830003 2.58139
6.39736 15.8027 -3.45718 -1.2494 8.63364 7.40387 0.000638998 -0.000364485 0.000408378 -3.61643 -0.000380924 -0.00118942 0.00131718 -0.00114976 6.67603 9.06602 8.07806 0.00105174 4.66437 -0.000229 -2.363 -4.52875e-06 0.000337927 -0.00100031 -9.257 -0.000493862 -0.000309063 7.53957 0.00130765 -0.0717838 -3.82335 9.85904 -2.77322 -0.000242754 -9.7837 5.40678 0.000408319 0.176148 0.000690748 0.000878851 0.000950774 -3.93771 0.000999478 -0.00130166 0.000577666 0.00112292 -0.000134394 3.96784e-05 -0.000364974 4.56455

-5.22363 -1.65277 0.494899 2.3116 4.0698
-12.7886 -3.73883 1.7183 4.72544 10.0843
2.28923 2.28875 1.41039 -3.52488 -2.46377
0.900719 0.237002 -0.242159 -0.0270391 -0.869697
-6.95354 -2.20571 0.744469 2.8651 5.54892
-5.94302 -1.12841 1.70501 0.735417 4.62932
-0.001226 -3.64931e-05 0.000818515 -0.00101037 0.000101299
0.000484129 0.00107633 -0.00126387 0.000409395 3.907e-05
0.000485276 0.00110757 9.32225e-05 0.000329214 -0.0010733
2.40527 0.881337 -0.498441 -0.100279 -2.68732
-0.000315322 0.00109527 0.00123252 -0.000682511 0.000207647
5.42867e-05 1.28516e-05 0.000671269 -6.45478e-05 0.00101844
0.000895817 4.40971e-05 0.000147741 -0.000299591 -0.000162296
-0.00125684 -0.000487301 0.00105616 -0.000804511 0.000619153
-5.36336 -0.674851 1.99948 -0.0730325 4.11194
-7.28179 -1.7385 1.58877 1.69967 5.73451
-6.48648 -1.70356 1.1943 1.85245 5.14282
-0.0013325 -0.00110775 -0.000777489 -0.000968934 0.000559025
-3.86363 -1.4986 -0.0340327 2.43678 2.96282
-0.00117242 -0.00115372 -0.00100031 -0.000242754 -0.00130166
1.59291 1.30454 0.594007 -1.6789 -1.81384
0.000505599 -0.00031357 -0.000610156 0.00104377 6.76451e-05
0.000240831 -0.000603368 -0.00134522 -0.00110385 -9.92736e-05
0.00116505 0.00112007 -0.000231981 -0.00091432 -0.00117688
5.92208 4.66093 1.66273 -4.97088 -7.27571
7.28875e-05 -9.62337e-05 0.000567914 -0.000364484 -2.99273e-05
-0.00110442 0.00119359 0.00118525 -0.000668394 0.000453853
-6.02902 -1.6702 1.03099 1.84538 4.82085
-0.000227368 0.00070783 -0.000863718 0.000766399 -0.000813187
0.00885078 -0.361701 -0.512968 0.902932 -0.035326
2.03831 3.60681 3.20643 -6.51336 -2.33456
-7.85724 -1.51179 2.30574 0.878554 6.18577
1.85419 -0.162449 -1.46179 1.72355 -1.95545
-0.00122487 0.000510088 0.000490846 0.0011684 -0.000976583
6.13784 6.01582 3.12286 -7.37477 -7.90015
-4.38691 -1.32751 0.510058 1.75015 3.45435
0.000358893 0.000639267 -8.18121e-07 0.0004861 -0.000769613
-0.291606 -1.34758 -1.6884 3.18041 0.148491
0.001329 0.00135179 0.000235902 -0.000676378 -0.000498451
-0.000364485 0.00105174 0.000935362 0.000976732 3.96784e-05
-0.000684684 -0.000722156 0.000243895 -7.77836e-05 0.00103261
2.18699 3.49455 2.90571 -6.08713 -2.49825
0.00060267 -0.000403254 0.00015197 0.000271734 -8.7881e-05
0.000685753 3.59276e-05 -0.000952341 0.000859537 0.000830003
0.000410112 0.000246615 0.00130815 0.000692486 -0.000364974
-0.00115793 0.000935153 -0.00024742 -0.000102392 -0.000777505
0.000356293 -0.000237969 -0.000969479 0.00122171 0.00135095
0.00104128 0.00092436 0.00017566 0.000359281 -0.000937581
-0.000615201 -0.000624384 -0.000670914 -0.000164213 0.00035319
-3.75922 -1.8075 -0.444868 3.06934 2.94301

Bias: 
0.0635728 -0.221603 0.76297 0.335557 -0.141555 0.140529 0 0 -0.000184385 1.4091 0 -0.000400064 0 -0.000623965 0.259225 0.0309271 -0.0341935 0 0.324848 0 0.505304 -5.19168e-05 0 0 2.91689 0 0 -0.0562995 -5.37332e-05 0.300775 1.24865 0.19449 1.43897 0 2.88224 -0.0603864 -0.000210577 1.02234 -0.000216047 0 0 1.19426 0 0 0 -0.000390104 0 0 0 0.458809

-1.34294 0.618811 1.33805 1.92977 -2.5437

End File