Neural Network with [3] layers: 5 50 5
Loss: 0.275129, Accuracy: 98%, stepSize: 0.1, reg: 0.0001
Weights: 
-0.00135332 2.31045 -0.000315322 -1.73675 -1.10809 2.48699 3.40617 -0.000464915 -0.000684684 -0.0011566 1.22876 -0.000902658 1.62278 -0.960844 -1.39057 1.52918 0.461806 0.776003 -0.000722156 2.85863 0.00253925 0.567783 -1.07904 -0.936101 -4.07746 1.12002 1.08555 -0.923521 0.000243895 -0.000246939 -9.73578e-05 0.497948 -0.000682511 3.07122 -0.000998254 -1.83148 -0.00040729 -0.000770731 -8.68892e-05 -0.000102191 1.48575 -0.000570253 0.626081 -1.136 3.78242 -2.99273e-05 1.85636 2.23777 0.37589 -0.000780825
-0.000997309 -5.32607 5.25539e-05 1.84464 -0.370757 -4.20758 -5.7894 0.00035901 0.00130611 0.000356293 -1.81112 -3.64931e-05 -2.61704 1.10905 1.07281 -3.40535 -2.15875 -3.2194 -0.000524225 -4.19048 -0.00702047 -1.04516 0.7161 2.32806 5.1523 -1.5891 -1.61297 -0.549059 0.00123265 -0.000969479 0.00124804 -2.09217 -6.37915e-05 -4.27475 0.00104383 1.2113 -0.000129108 0.000486099 2.04619e-05 0.00122171 -3.85609 0.000101299 -1.5528 1.43704 -5.73965 0.000453853 -3.07005 -2.8482 -0.627166 0.00135095
0.000691841 -2.48349 0.000895817 -0.293075 -1.96976 -0.732518 -0.825972 0.000694021 0.00060267 0.00104128 0.828713 0.00107633 -0.559979 0.245766 -0.479284 -1.84792 -2.13872 -2.38357 -0.000403254 0.127039 -0.0345892 -0.987832 -0.441999 2.64063 0.896287 0.48613 0.161118 -1.72244 0.00015197 0.00017566 -0.00101221 -1.31601 -0.000299591 -0.253069 -0.00110385 -1.07583 0.000836214 0.00110682 0.000278165 0.000359281 -2.00814 3.907e-05 -1.07305 -0.0132439 -0.094268 0.000492748 -1.16445 1.13415 -0.575794 -0.000937581
-0.000111921 -4.44473 -0.00125976 1.15603 -0.878879 -3.0026 -4.17733 0.00132908 0.000685753 -0.000615201 -0.11103 0.00110759 -1.68862 0.776269 0.404404 -2.57751 -1.53772 -3.02867 3.59276e-05 -1.52991 0.0676528 -0.218106 1.83474 5.48957 4.51427 -0.30743 -0.337078 -1.15708 -0.000952341 -0.000670914 -0.000812661 -2.21066 -0.000803206 -0.707596 -0.00091432 0.479245 0.0011684 -0.00067633 0.000856239 -0.000164213 -3.46205 -0.00107338 -1.13697 1.97751 -2.84671 -0.000813209 -1.85749 1.00548 -0.047081 0.00035319
8.86904e-05 11.8937 -0.00120864 0.089675 7.36042 4.67872 5.97807 -0.000364485 0.000410112 -0.000172114 -3.88486 -0.00118941 2.85829 -1.38596 1.51763 7.83932 7.6594 10.5256 0.000246615 -0.919055 -0.0496124 2.48941 -1.79741 -17.2351 -7.53616 -2.24327 -1.21829 7.03113 0.00130815 -3.10874e-05 -0.000489233 6.64076 -0.00127654 -1.52713 -0.00116099 3.2723 0.000410457 0.000976732 0.000690068 0.000878851 9.74297 -0.000232697 4.18826 -2.65418 1.08987 0.00112769 4.62145 -8.00151 1.27518 0.000314923

-0.00135332 0.000721316 0.00010097 -9.73578e-05 0.000511511
-10.8255 -2.56574 1.25433 5.1219 7.01565
0.000691841 -0.00070976 -0.000575948 -0.00101221 0.00131855
1.56269 0.0542828 -1.53715 -1.26367 1.18267
-4.16903 -1.4794 -1.66484 1.30997 6.00253
-6.06344 -0.955657 2.1709 3.16911 1.67739
-8.099 -1.26151 3.19661 4.19126 1.97129
0.000484129 0.00107633 -0.00126387 0.000409395 3.907e-05
0.000485298 0.00110759 9.32446e-05 0.000329224 -0.00107338
0.00117657 -0.00118941 -4.11383e-06 0.000820321 -0.000232697
0.607185 1.42903 1.94452 -0.190578 -3.78862
5.25539e-05 1.2242e-05 0.000672048 -6.37915e-05 0.00101924
-3.73995 -0.474623 1.19649 2.05459 0.964123
1.71189 0.321247 -0.481289 -1.1479 -0.404819
0.144707 -0.341399 -1.14849 -0.629467 1.97482
-7.03715 -1.50497 0.464493 3.44935 4.63095
-5.853 -1.25193 -0.746145 2.65815 5.19245
-8.29378 -2.2575 -0.0906158 3.5934 7.04487
-0.000315556 0.00121195 0.000581151 0.0012112 0.000654247
-3.00868 0.999782 2.76955 1.95867 -2.72419
0.0148531 0.0594022 -0.0667725 -0.01101 0.00224531
-2.18308 -0.0871347 -0.438255 1.28563 1.42353
1.45924 1.22579 -1.58515 -1.47309 0.370296
11.3778 5.73942 0.445694 -5.38462 -12.1784
8.54471 2.2727 -2.73089 -5.16956 -2.9178
-0.109173 0.892632 1.47998 0.206671 -2.46996
-0.679814 0.721879 1.13978 0.512229 -1.69301
-4.15887 -1.55168 -1.24325 1.30899 5.64281
-0.000227363 0.000707835 -0.000863712 0.000766405 -0.000813209
0.000544558 0.000731357 -0.000493862 -0.000120969 0.00112769
0.00111061 0.000887296 0.00104746 -0.00040729 0.000990327
-5.29439 -1.60386 0.245223 2.21651 4.43756
-0.000642963 -0.00131039 -0.000946431 0.000836214 0.000118954
-2.73356 1.72518 2.20637 2.12462 -3.32264
0.000638998 0.000996727 -0.000309063 0.000410457 -0.000134394
-0.651135 -0.584242 -1.87198 -0.410221 3.51771
0.00035901 0.000639384 -7.00942e-07 0.000486099 -0.000769963
0.000694021 0.000610118 -0.000954015 0.00110682 -0.000146097
0.00132884 0.0013516 0.000235727 -0.0006763 -0.000498011
-0.000364485 0.00105174 0.000935362 0.000976732 3.96784e-05
-8.439 -2.19631 0.742903 3.86975 6.02245
0.00130611 -0.000524225 0.00123265 1.61206e-05 -0.000163144
-3.5286 -0.754192 -0.0416911 1.72055 2.60446
2.6822 1.14645 -1.2796 -1.93189 -0.615695
-5.40482 0.445848 3.66727 3.18357 -1.88958
-0.0011566 0.000936461 -0.000246939 -0.000102191 -0.000780825
-5.05304 -0.690215 0.835129 2.80888 2.10096
1.99282 3.38033 2.59355 -0.407396 -7.55774
-1.192 0.0388228 -0.265942 0.746324 0.671076
-0.000172114 -0.000229 -3.10874e-05 0.000878851 0.000314923

Bias: 
0 -0.618813 0 0.502716 0.176031 -0.598271 -0.780682 0 0 0 0.171739 0 -0.415854 0.430505 0.41657 -0.455924 -0.269001 -0.271341 0 -0.493872 -0.00915616 -0.255978 0.143643 1.157 1.63015 0.0148713 -0.132719 0.171548 0 0 0 -0.129111 0 -0.820064 0 0.418437 0 0 -0.000354594 0 -0.395316 0 -0.214278 0.291046 -0.714693 0 -0.527385 -0.0300747 -0.168763 0

-0.667822 0.256824 1.40127 -0.767054 -0.223215

End File