Neural Network with [3] layers: 5 50 5
Loss: 0.278522, Accuracy: 94%, stepSize: 0.1, reg: 0.0001
Weights: 
0.973264 -1.77049 -0.000315322 -1.08759 -2.80941 -0.243144 0.00111061 0.951505 -0.000680556 -0.0011542 0.000721316 -0.746947 0.00109527 -0.793922 -0.207321 -2.22258 -2.38252 0.000350632 0.275659 0.000936461 0.00010097 -0.965518 0.00123252 5.4963 1.78829 0.000567914 0.00104746 -3.07807 0.000243895 0.337682 -9.73578e-05 -2.13247 -0.231241 0.0011016 3.68416 -1.72085 0.157696 -0.000770731 1.63982 -0.000102191 0.000511511 -0.000566388 -0.00546369 0.000583674 0.00104486 -2.99273e-05 0.000990327 0.00132455 0.00103261 -1.72548
1.56491 0.50712 5.25539e-05 -0.931811 -1.71526 0.602029 0.000709686 -0.313841 0.00130828 0.000357607 -6.0273e-05 -1.16859 1.2242e-05 -1.65468 0.0818031 -1.00839 -2.04373 0.000639384 0.897055 -0.000237969 -8.68374e-05 -1.08528 0.000672048 0.0684965 -1.82149 0.00118525 0.000411574 -2.6707 0.00123265 0.254193 0.00124804 -1.67676 -0.292655 -0.000191061 0.852705 -1.62428 -0.186472 0.000486099 -0.260033 0.00122171 0.000547308 0.000103436 0.00174086 0.000813953 6.76329e-05 0.000453853 0.00105566 -0.000769963 -0.000163144 -0.800932
1.18276 3.33045 0.000895817 -1.04134 2.08058 1.41325 -0.000642963 -0.771238 0.000605492 0.00104287 -0.00070976 -0.675241 4.40971e-05 0.117903 0.45147 1.97028 2.64425 0.000610118 1.01294 0.00092436 -0.000575948 0.457176 0.000147741 -3.50291 -1.90859 -0.000703978 -0.000946431 1.81238 0.00015197 -0.111943 -0.00101221 2.59608 0.0840648 -0.00095678 -2.05462 0.860318 -0.148915 0.00110682 -1.16118 0.000359281 0.00131855 4.15754e-05 -0.00626757 0.000559025 -9.92736e-05 0.000492748 0.000118954 -0.000146097 -8.7881e-05 1.4843
-1.08655 -0.932288 -0.00125976 3.22274 0.43817 -0.546329 -0.00122487 0.385815 0.000683941 -0.000615936 -0.000609255 1.90276 -0.00048982 0.871712 -0.210155 0.155616 0.394263 0.00135187 -0.652314 -0.000624384 -0.000870664 0.581568 0.0010576 0.993523 1.40541 -0.000863712 0.000490846 0.940131 -0.000952341 -0.162726 -0.000812661 0.707815 0.149494 0.00120198 0.110841 0.612457 0.166245 -0.00067633 0.449529 -0.000164213 0.00122996 -0.00107451 0.0159584 0.000654247 -0.00117688 -0.000813209 -0.000976583 -0.000498753 0.000830003 0.119102
6.53153 15.6569 -0.00120864 -3.1824 7.03992 6.86549 0.000638998 -5.19525 0.000408514 -0.000172427 -0.000380924 -3.87233 0.00131718 -2.92415 2.01459 7.70617 5.91265 0.00105174 5.41191 -0.000229 -0.000937269 0.243409 0.000337927 -21.3759 -14.943 -0.000493862 -0.000309063 3.68263 0.00130815 -0.31204 -0.000489233 7.16706 -0.128551 -0.000238323 -11.0705 1.2233 -1.30199 0.000976732 -7.60656 0.000878851 0.000950774 -0.000233082 -0.00297448 -0.00130166 0.000577666 0.00112769 -0.000134394 3.96784e-05 -0.000364974 5.76001

-5.11616 -1.19784 -0.482995 3.13525 3.66163
-9.65523 -4.46721 0.0997096 4.12874 9.89465
0.000691841 -0.00070976 -0.000575948 -0.00101221 0.00131855
2.52497 -0.135816 1.08374 0.217459 -3.69153
-3.55922 -2.77881 1.38417 0.144793 4.8083
-4.53589 -1.82268 -0.0756961 2.24796 4.18462
-0.001226 -3.64931e-05 0.000818515 -0.00101037 0.000101299
2.68549 1.43023 0.578094 -1.14621 -3.54686
0.000485254 0.00110755 9.32008e-05 0.000329241 -0.00107326
0.00117655 -0.00118932 -4.13591e-06 0.000820299 -0.000232719
-0.000315322 0.00109527 0.00123252 -0.000682511 0.000207647
2.55983 0.522079 1.16415 -0.99069 -3.25368
0.000895817 4.40971e-05 0.000147741 -0.000299591 -0.000162296
1.9234 0.210946 1.51098 -1.80111 -1.84509
-1.34371 -0.493862 0.0389577 0.54047 1.25832
-4.12522 -2.75073 0.842533 0.898005 5.13807
-0.675565 -4.21719 1.72094 -0.445704 3.61704
-0.0013325 -0.00110775 -0.000777489 -0.000968934 0.000559025
-3.84258 -1.22663 -0.286908 2.16806 3.1914
-0.00117242 -0.00115372 -0.00100031 -0.000242754 -0.00130166
-0.000223339 1.91388e-06 -0.00110706 -0.000998254 0.00104486
0.186281 -0.59743 0.911065 -0.754718 0.255496
0.000240831 -0.000603368 -0.00134522 -0.00110385 -9.92736e-05
10.2444 6.45092 1.65504 -3.38315 -14.9672
8.02888 3.827 2.29814 -4.12798 -10.0269
7.28875e-05 -9.62337e-05 0.000567914 -0.000364484 -2.99273e-05
-0.00110442 0.00119359 0.00118525 -0.000668394 0.000453853
-1.30936 -2.18911 2.16973 -1.37254 2.69928
-0.000227363 0.000707835 -0.000863712 0.000766405 -0.000813209
-0.0305321 0.258318 -0.119293 0.167794 -0.274498
0.00111061 0.000887296 0.00104746 -0.00040729 0.000990327
-0.862117 -5.10855 1.37848 0.283627 4.3096
0.149621 -0.0885912 0.246334 -0.251161 -0.0581477
-0.00121974 0.000508757 0.000489835 0.00116723 -0.000978196
4.89094 3.72119 0.339687 -1.03047 -7.91974
-0.287664 -0.966367 1.3128 -1.05563 0.996995
0.71094 0.294884 0.236976 -0.360448 -0.881638
0.000694021 0.000610118 -0.000954015 0.00110682 -0.000146097
3.76804 2.20276 0.765068 -1.4753 -5.25883
-0.000364485 0.00105174 0.000935362 0.000976732 3.96784e-05
-0.000684684 -0.000722156 0.000243895 -7.77836e-05 0.00103261
0.00130601 -0.000523877 0.00123259 1.6023e-05 -0.000163241
0.00373667 -0.00133216 -0.00197318 0.0108701 -0.0107662
0.000685753 3.59276e-05 -0.000952341 0.000859537 0.000830003
0.000410112 0.000246615 0.00130815 0.000692486 -0.000364974
-0.0011566 0.000936461 -0.000246939 -0.000102191 -0.000780825
0.000356293 -0.000237969 -0.000969479 0.00122171 0.00135095
0.00104128 0.00092436 0.00017566 0.000359281 -0.000937581
-0.000615201 -0.000624384 -0.000670914 -0.000164213 0.00035319
-3.07224 -2.05771 0.658724 0.618313 3.85368

Bias: 
1.77979 0.966301 0 -0.430574 -0.343611 0.832751 0 0.445148 -0.000178139 -0.000115583 0 -0.201654 0 -0.121606 0.228634 -0.171313 -0.394806 0 0.981234 0 0 -0.216718 0 2.85188 0.88465 0 0 -0.617051 0 0.243709 0 -0.371248 -0.0504109 -0.00058109 1.9685 -0.347384 0.07871 0 0.854119 0 0 -0.000187965 -0.0025597 0 0 0 0 0 0 -0.141697

-2.67127 1.43114 2.94899 0.916028 -2.62489

End File