Neural Network with [3] layers: 5 50 5
Loss: 0.2207, Accuracy: 100%, stepSize: 0.1, reg: 0.0001
Weights: 
-0.00135332 -0.000760687 -0.000315322 0.0442605 -0.000223339 0.618074 1.30544 -0.000464915 -0.000684684 -0.0011566 0.327731 -0.000902658 0.50482 -0.392048 0.370245 0.991077 0.755186 1.52823 -0.000722156 0.298272 0.249639 0.251747 0.0330443 -0.13418 -0.325783 0.280182 0.377466 0.526982 0.000243895 -0.000247098 -9.73578e-05 0.557065 -0.000682511 0.219812 -0.000998254 0.26158 -0.00040729 -0.000770731 -8.26327e-05 -0.000102191 0.000511511 -0.000570253 0.000199926 0.0548337 0.432296 -2.99273e-05 1.27815 0.224108 0.221019 -0.000780825
-0.000997309 -0.001226 5.25539e-05 -0.248016 0.000505534 1.81823 2.42736 0.00035901 0.00130611 0.000356293 -0.990486 -3.64931e-05 1.18036 -0.549544 0.897719 2.82376 2.61758 4.5275 -0.000524225 -0.00518008 -0.35871 0.563994 0.138259 -4.96635 -2.42629 -0.675355 -0.0682632 2.32469 0.00123265 -0.000969409 0.00124804 2.54439 -6.37915e-05 -0.275145 0.00104383 1.13528 -0.000129108 0.000486099 1.83093e-05 0.00122171 0.000547308 0.000101299 0.00102244 -0.704585 0.457578 0.000453853 2.5256 -2.19455 0.666379 0.00135095
0.000691841 0.000484129 0.000895817 -0.065074 0.000240831 0.440416 0.588455 0.000694021 0.00060267 0.00104128 -0.241402 0.00107633 0.287926 -0.141104 0.213753 0.679361 0.632086 1.09366 -0.000403254 -8.65913e-05 -0.0923508 0.137044 0.0331286 -1.20756 -0.595198 -0.164629 -0.0286835 0.556765 0.00015197 0.000175757 -0.00101221 0.612402 -0.000299591 -0.0646034 -0.00110385 0.270109 0.000836214 0.00110682 0.000274829 0.000359281 0.00131855 3.907e-05 -0.00015719 -0.16762 0.113972 0.000492748 0.618291 -0.528607 0.162583 -0.000937581
-0.000111921 0.000485298 -0.00125976 0.103101 0.00116505 -1.34862 -1.98075 0.00132908 0.000685753 -0.000615201 0.278979 0.00110759 -0.894248 0.457022 -0.667521 -2.06739 -1.81649 -3.26882 3.59276e-05 -0.155688 0.0481341 -0.426208 -0.082667 2.35694 1.29697 0.16307 -0.153289 -1.55636 -0.000952341 -0.00067093 -0.000812661 -1.71101 -0.000803206 0.00655919 -0.00091432 -0.75424 0.0011684 -0.00067633 0.000858599 -0.000164213 0.00122996 -0.00107338 0.000620168 0.3121 -0.472838 -0.000813209 -2.00155 0.88864 -0.467892 0.00035319
8.86904e-05 0.00117657 -0.00120864 -1.20243 0.000936963 6.07204 6.25025 -0.000364485 0.000410112 -0.000172114 -5.24829 -0.00118941 3.49793 -0.988879 2.66512 9.17781 9.05331 14.9003 0.000246615 -0.941814 -2.31526 1.61993 0.498152 -20.2992 -9.08092 -3.78065 -1.47692 8.55454 0.00130815 -3.11027e-05 -0.000489233 9.49602 -0.00127654 -1.86479 -0.00116099 4.13448 0.000410457 0.000976732 0.000691285 0.000878851 0.000950774 -0.000232697 0.00099616 -3.15447 0.560129 0.00112769 6.76279 -9.89747 2.19232 0.000314923

-0.00135332 0.000721316 0.00010097 -9.73578e-05 0.000511511
-0.000997309 -6.0273e-05 -8.68374e-05 0.00124804 0.000547308
0.000691841 -0.00070976 -0.000575948 -0.00101221 0.00131855
0.818233 0.375626 -0.0808855 -0.349539 -0.764609
8.86904e-05 -0.000380924 -0.000937269 -0.000489233 0.000950774
-4.9938 -1.10695 0.517769 2.15227 3.42902
-5.61606 -0.348013 -0.12406 2.51917 3.56761
0.000484129 0.00107633 -0.00126387 0.000409395 3.907e-05
0.000485298 0.00110759 9.32446e-05 0.000329224 -0.00107338
0.00117657 -0.00118941 -4.11383e-06 0.000820321 -0.000232697
3.39207 1.77135 -0.270733 -1.43707 -3.45408
5.25539e-05 1.2242e-05 0.000672048 -6.37915e-05 0.00101924
-2.9499 -0.444915 0.0547147 1.30587 2.03486
0.968454 -0.188896 0.356585 -0.483989 -0.653029
-2.23399 -0.346011 0.032104 0.983212 1.56486
-7.5384 -1.56799 0.559894 3.27067 5.27847
-7.21808 -1.77901 0.586578 3.12121 5.28882
-12.1456 -2.62402 0.874029 5.27055 8.62146
-0.000315556 0.00121195 0.000581151 0.0012112 0.000654247
0.433932 0.572715 -0.222831 -0.148878 -0.639809
1.44533 0.89935 -0.254716 -0.593269 -1.49798
-1.37118 -0.181029 -0.0148216 0.612332 0.95539
-0.380669 -0.107899 0.0168997 0.164902 0.303855
14.1938 5.23591 0.0846164 -6.20243 -13.3119
6.55794 2.04757 0.223632 -2.90167 -5.92832
2.41412 1.32949 -0.24595 -1.01564 -2.48188
0.763081 0.804876 -0.308559 -0.28695 -0.971388
-6.6975 -1.89883 0.752133 2.86106 4.98114
-0.000227363 0.000707835 -0.000863712 0.000766405 -0.000813209
0.000544558 0.000731357 -0.000493862 -0.000120969 0.00112769
0.00111061 0.000887296 0.00104746 -0.00040729 0.000990327
-7.43436 -2.15695 0.934898 3.16836 5.48909
-0.000642963 -0.00131039 -0.000946431 0.000836214 0.000118954
1.1257 0.741408 -0.167623 -0.460586 -1.23894
0.000638998 0.000996727 -0.000309063 0.000410457 -0.000134394
-3.23191 -0.901335 0.322862 1.38359 2.42693
0.00035901 0.000639384 -7.00942e-07 0.000486099 -0.000769963
0.000694021 0.000610118 -0.000954015 0.00110682 -0.000146097
0.001329 0.00135179 0.000235908 -0.000676379 -0.00049847
-0.000364485 0.00105174 0.000935362 0.000976732 3.96784e-05
-0.000684684 -0.000722156 0.000243895 -7.77836e-05 0.00103261
0.00130611 -0.000524225 0.00123265 1.61206e-05 -0.000163144
0.000598999 -0.000406925 0.000148298 0.000270907 -7.60407e-05
2.17716 0.912369 -0.13012 -0.929104 -2.02885
-0.765717 0.312903 -0.187207 0.37624 0.266073
-0.0011566 0.000936461 -0.000246939 -0.000102191 -0.000780825
-5.93024 -0.512984 -0.14785 2.66533 3.92747
6.70463 2.88122 -0.196333 -2.88676 -6.5012
-1.76506 -0.383262 0.077627 0.772891 1.29609
-0.000172114 -0.000229 -3.10874e-05 0.000878851 0.000314923

Bias: 
0 0 0 0.023795 0 1.26599 0.598703 0 0 0 0.395727 0 0.342812 0.463198 0.220917 1.46015 1.24233 2.19143 0 0.00457177 0.0360611 0.0866078 0.0248078 2.43522 1.19331 0.2216 0.00973824 1.40665 0 -7.07478e-06 0 1.75949 0 0.101695 0 0.592155 0 0 -0.000213423 0 0 0 -0.000343063 0.136396 0.0334353 0 0.446471 0.990978 0.197761 0

-1.68569 -0.66498 3.26472 1.006 -1.92005

End File