Neural Network with [3] layers: 5 50 5
Loss: 0.243705, Accuracy: 100%, stepSize: 0.1, reg: 0.0001
Weights: 
0.77729 2.95422 -0.000315322 0.100717 2.05084 1.21642 0.00111061 -0.000464915 -0.000684684 -0.0011566 0.000721316 -0.000902122 0.00109527 0.331109 2.21636 1.71247 2.7886 0.000350632 0.77467 0.000936461 0.073521 0.0392368 0.00123252 -2.3776 -2.57402 0.000567914 0.00104746 1.00701 0.000243895 0.298088 -0.811751 1.79316 -0.000674518 1.23773 -2.526 1.31831 -0.000406161 -0.000770731 -7.4173e-05 -0.000102191 0.000511511 -2.13549 0.000208424 0.000583674 0.00104486 -2.99273e-05 0.000990327 0.00132455 0.00103261 0.479167
0.509234 2.65829 5.25539e-05 -0.0525479 2.17712 1.11551 0.000709686 0.00035901 0.00130611 0.000356293 -6.0273e-05 -3.61277e-05 1.2242e-05 -0.197014 0.924 1.82122 2.14351 0.000639384 0.417624 -0.000237969 -0.362391 0.230282 0.000672048 -4.06927 -2.95909 0.00118525 0.000411574 1.50257 0.00123265 0.0437264 -0.875821 2.02254 -5.78187e-05 0.00552193 -2.90312 0.741481 -0.000128076 0.000486099 1.93085e-05 0.00122171 0.000547308 -1.47148 0.00101994 0.000813953 6.76329e-05 0.000453853 0.00105566 -0.000769963 -0.000163144 0.993743
0.300735 1.56152 0.000895817 -0.0333239 1.27864 0.6551 -0.000642963 0.000694021 0.00060267 0.00104128 -0.00070976 0.00107683 4.40971e-05 -0.117252 0.544952 1.0655 1.26063 0.000610118 0.245428 0.00092436 -0.217323 0.133154 0.000147741 -2.43484 -1.77526 -0.000703978 -0.000946431 0.881789 0.00015197 0.0257633 -0.527538 1.18862 -0.000291459 0.0023038 -1.74394 0.437422 0.000837734 0.00110682 0.000276503 0.000359281 0.00131855 -0.888722 -0.000161271 0.000559025 -9.92736e-05 0.000492748 0.000118954 -0.000146097 -8.7881e-05 0.579822
-0.0244644 -0.109497 -0.00125976 -0.000445981 -0.0873231 -0.0446282 -0.00122487 0.00132908 0.000685753 -0.000615201 -0.000609255 0.0011075 -0.00048982 0.0042378 -0.0552243 -0.0684887 -0.0987957 0.00135187 -0.0209308 -0.000624384 0.0120968 -0.00654904 0.0010576 0.240146 0.189685 -0.000863712 0.000490846 -0.057387 -0.000952341 -0.00752872 0.0569273 -0.0802329 -0.000804684 -0.0104375 0.18882 -0.0406723 0.00116815 -0.00067633 0.000858679 -0.000164213 0.00122996 0.114566 0.000621679 0.000654247 -0.00117688 -0.000813209 -0.000976583 -0.000498753 0.000830003 -0.0310902
2.63592 12.5304 -0.00120864 -0.0789259 9.91538 5.20711 0.000638998 -0.000364485 0.000410112 -0.000172114 -0.000380924 -0.00118945 0.00131718 -0.384618 5.64528 8.19909 10.6306 0.00105174 2.29863 -0.000229 -1.24773 0.862203 0.000337927 -18.6712 -14.5483 -0.000493862 -0.000309063 6.44816 0.00130815 0.536577 -4.39676 9.09141 -0.00127651 1.25008 -14.3454 4.09472 0.000409382 0.000976732 0.000689054 0.000878851 0.000950774 -8.33504 0.000998785 -0.00130166 0.000577666 0.00112769 -0.000134394 3.96784e-05 -0.000364974 3.98808

-1.99538 -0.635897 0.0262422 1.04923 1.55569
-9.12938 -3.65332 0.430059 5.06182 7.29148
0.000691841 -0.00070976 -0.000575948 -0.00101221 0.00131855
-0.00903862 0.118872 -0.0502949 -0.059281 -0.00143202
-7.06232 -3.12545 0.405449 4.01611 5.76545
-3.79801 -1.53212 0.203307 2.11005 3.01509
-0.001226 -3.64931e-05 0.000818515 -0.00101037 0.000101299
0.000484129 0.00107633 -0.00126387 0.000409395 3.907e-05
0.000485298 0.00110759 9.32446e-05 0.000329224 -0.00107338
0.00117657 -0.00118941 -4.11383e-06 0.000820321 -0.000232697
-0.000315322 0.00109527 0.00123252 -0.000682511 0.000207647
5.2585e-05 1.22342e-05 0.000672041 -6.37993e-05 0.00101923
0.000895817 4.40971e-05 0.000147741 -0.000299591 -0.000162296
0.0551924 0.462067 -0.13784 -0.184765 -0.195529
-4.54188 -0.894948 -0.162055 2.19145 3.40761
-5.87805 -2.58303 0.39704 3.33967 4.72703
-7.85232 -2.84706 0.185296 4.24721 6.2664
-0.0013325 -0.00110775 -0.000777489 -0.000968934 0.000559025
-1.79161 -0.473571 -0.00410238 0.910825 1.3618
-0.00117242 -0.00115372 -0.00100031 -0.000242754 -0.00130166
0.699173 0.663876 -0.119536 -0.515938 -0.728857
-0.544518 -0.388334 0.0862466 0.363328 0.483971
0.000240831 -0.000603368 -0.00134522 -0.00110385 -9.92736e-05
11.9353 6.87639 0.0483616 -7.26657 -11.5935
9.663 4.75211 0.296769 -5.59874 -9.11398
7.28875e-05 -9.62337e-05 0.000567914 -0.000364484 -2.99273e-05
-0.00110442 0.00119359 0.00118525 -0.000668394 0.000453853
-4.41651 -2.30207 0.354506 2.63184 3.73023
-0.000227363 0.000707835 -0.000863712 0.000766405 -0.000813209
-0.462942 -0.00418405 -0.0753637 0.196166 0.348112
2.93256 1.40508 0.116059 -1.68791 -2.76216
-6.43263 -2.93931 0.406853 3.69101 5.27511
-0.000639603 -0.00130947 -0.000946846 0.000834742 0.000116564
-1.41088 0.417767 -0.242046 0.442064 0.79306
9.50352 4.68754 0.331345 -5.51056 -9.01024
-3.13274 -0.884948 -0.0489234 1.60533 2.46141
0.000358995 0.000639369 -7.15777e-07 0.000486089 -0.00076991
0.000694021 0.000610118 -0.000954015 0.00110682 -0.000146097
0.00132863 0.00135153 0.000235879 -0.000676179 -0.000497999
-0.000364485 0.00105174 0.000935362 0.000976732 3.96784e-05
-0.000684684 -0.000722156 0.000243895 -7.77836e-05 0.00103261
5.83782 2.15315 0.478949 -3.1328 -5.33524
0.000602614 -0.00040331 0.000151913 0.000271677 -8.76559e-05
0.000685753 3.59276e-05 -0.000952341 0.000859537 0.000830003
0.000410112 0.000246615 0.00130815 0.000692486 -0.000364974
-0.0011566 0.000936461 -0.000246939 -0.000102191 -0.000780825
0.000356293 -0.000237969 -0.000969479 0.00122171 0.00135095
0.00104128 0.00092436 0.00017566 0.000359281 -0.000937581
-0.000615201 -0.000624384 -0.000670914 -0.000164213 0.00035319
-2.68486 -1.55542 0.328687 1.65752 2.25484

Bias: 
0.359327 1.833 0 0.00483964 1.34049 0.822407 0 0 0 0 0 -3.80274e-05 0 0.0246359 0.6888 1.30112 1.32317 0 0.335185 0 0.0413834 0.127173 0 1.43047 1.13909 0 0 0.804997 0 0.0336174 0.373615 1.24143 -0.000606553 0.320384 1.23905 0.408995 -0.000119662 0 -0.000380104 0 0 0.865418 -8.06125e-05 0 0 0 0 0 0 0.66722

-1.89282 0.362803 2.25575 1.20788 -1.93361

End File