[-17.7268295288086, 5.86919975280762, 1.57830154895782]::(264.0, 96.0, 118.0, 157.0)::(60.0, 8.0)->(0, 0)
[-19.1756706237793, 5.79869508743286, 1.49187898635864]::(264.0, 96.0, 118.0, 157.0)::(60.0, 8.0)->(0, 0)
[-17.747200012207, 6.19210433959961, 1.37685346603394]::(264.0, 96.0, 118.0, 157.0)::(60.0, 8.0)->(0, 0)
[-18.3756141662598, 5.85214185714722, 1.62433552742004]::(264.0, 96.0, 118.0, 157.0)::(60.0, 8.0)->(0, 0)
[-18.6202945709229, 5.63143634796143, 1.68552160263062]::(264.0, 96.0, 118.0, 157.0)::(60.0, 8.0)->(0, 0)
[-17.5901737213135, 6.11151790618896, 1.40934383869171]::(264.0, 96.0, 118.0, 157.0)::(60.0, 8.0)->(0, 0)
[-18.4317455291748, 5.69405269622803, 1.32042407989502]::(264.0, 96.0, 118.0, 157.0)::(60.0, 8.0)->(0, 0)
[-18.392578125, 5.37170934677124, 1.6246155500412]::(264.0, 96.0, 118.0, 157.0)::(60.0, 8.0)->(0, 0)
[-17.7186126708984, 5.67781019210815, 1.59291470050812]::(267.0, 101.0, 110.0, 146.0)::(60.0, 8.0)->(0, 0)
[-17.8450870513916, 6.26131057739258, 1.52647817134857]::(267.0, 101.0, 110.0, 146.0)::(56.0, 8.0)->(0, 0)
[-18.1501770019531, 6.44635915756226, 1.17338192462921]::(264.0, 97.0, 119.0, 158.0)::(84.0, 8.0)->(1, 0)
[-17.2285766601562, 6.87877559661865, 1.11472916603088]::(267.0, 99.0, 110.0, 146.0)::(84.0, 8.0)->(1, 0)
[-16.8256454467773, 6.78999328613281, 0.732764780521393]::(267.0, 99.0, 110.0, 146.0)::(66.0, 7.0)->(1, 0)
[-18.3534107208252, 7.51168918609619, 0.832426905632019]::(267.0, 99.0, 110.0, 146.0)::(66.0, 7.0)->(1, 0)
[-17.2627716064453, 7.41628694534302, 0.569506168365479]::(267.0, 99.0, 110.0, 146.0)::(66.0, 7.0)->(1, 0)
[-17.6824054718018, 7.71648550033569, 0.978281259536743]::(267.0, 99.0, 110.0, 146.0)::(66.0, 7.0)->(1, 0)
[-18.1148223876953, 7.06578636169434, 0.790976524353027]::(267.0, 99.0, 110.0, 146.0)::(66.0, 7.0)->(1, 0)
[-18.3215675354004, 7.61350011825562, 0.436103492975235]::(267.0, 99.0, 110.0, 146.0)::(66.0, 7.0)->(1, 0)
[-17.8986854553223, 7.24678897857666, 0.575633466243744]::(267.0, 99.0, 110.0, 146.0)::(66.0, 7.0)->(1, 0)
[-17.9662227630615, 7.12858200073242, 0.711913645267487]::(267.0, 99.0, 110.0, 146.0)::(66.0, 7.0)->(1, 0)
[-16.7403831481934, 7.63116979598999, -0.0359196290373802]::(268.0, 99.0, 118.0, 157.0)::(95.0, 7.0)->(2, 0)
[-18.1836452484131, 7.46302604675293, -0.161105901002884]::(268.0, 99.0, 118.0, 157.0)::(95.0, 7.0)->(2, 0)
[-17.498929977417, 7.65736627578735, -0.110168181359768]::(268.0, 99.0, 118.0, 157.0)::(100.0, 7.0)->(2, 0)
[-17.4406833648682, 7.77855253219604, -0.126794457435608]::(268.0, 99.0, 118.0, 157.0)::(95.0, 7.0)->(2, 0)
[-17.5989761352539, 6.71540451049805, -0.118087917566299]::(268.0, 99.0, 118.0, 157.0)::(75.0, 7.0)->(2, 0)
[-18.370189666748, 7.20091485977173, -0.497227311134338]::(268.0, 99.0, 118.0, 157.0)::(75.0, 7.0)->(2, 0)
[-17.9450969696045, 6.84779167175293, -0.243671670556068]::(268.0, 99.0, 118.0, 157.0)::(75.0, 7.0)->(2, 0)
[-17.7897205352783, 7.34348487854004, -0.2292260825634]::(268.0, 99.0, 118.0, 157.0)::(75.0, 7.0)->(2, 0)
[-18.0952377319336, 7.36823034286499, -0.192089170217514]::(268.0, 99.0, 118.0, 157.0)::(75.0, 7.0)->(2, 0)
[-17.9888496398926, 7.62956237792969, -0.353882282972336]::(268.0, 99.0, 118.0, 157.0)::(75.0, 7.0)->(2, 0)
[-17.3397560119629, 8.46593570709229, -0.632448554039001]::(268.0, 99.0, 118.0, 157.0)::(100.0, 7.0)->(3, 0)
[-17.0922889709473, 8.14638710021973, -0.536924242973328]::(268.0, 99.0, 118.0, 157.0)::(100.0, 7.0)->(3, 0)
[-17.7951278686523, 8.9701042175293, -0.805882453918457]::(268.0, 99.0, 118.0, 157.0)::(100.0, 7.0)->(3, 0)
[-16.9047679901123, 7.92524862289429, -0.617951214313507]::(268.0, 99.0, 118.0, 157.0)::(95.0, 7.0)->(3, 0)
[-18.1729278564453, 8.274094581604, -0.809369206428528]::(268.0, 99.0, 118.0, 157.0)::(100.0, 7.0)->(3, 0)
[-17.1370697021484, 7.5669002532959, -0.656609654426575]::(268.0, 99.0, 118.0, 157.0)::(100.0, 7.0)->(3, 0)
[-16.9997863769531, 8.59435653686523, -0.661097824573517]::(268.0, 99.0, 118.0, 157.0)::(100.0, 7.0)->(3, 0)
[-17.1578598022461, 9.31058216094971, -0.820203065872192]::(268.0, 99.0, 118.0, 157.0)::(100.0, 7.0)->(3, 0)
[-17.4197998046875, 7.79081773757935, -0.71192854642868]::(268.0, 99.0, 118.0, 157.0)::(100.0, 7.0)->(3, 0)
[-17.6311988830566, 8.79591464996338, -0.556751310825348]::(268.0, 99.0, 118.0, 157.0)::(100.0, 7.0)->(3, 0)
[-17.5420379638672, 10.8725290298462, -1.6139954328537]::(268.0, 99.0, 118.0, 157.0)::(108.0, 7.0)->(4, 0)
[-17.0163898468018, 11.8863391876221, -1.55809044837952]::(268.0, 99.0, 118.0, 157.0)::(108.0, 7.0)->(4, 0)
[-17.0756454467773, 12.0282115936279, -1.7523695230484]::(268.0, 99.0, 118.0, 157.0)::(108.0, 7.0)->(4, 0)
[-17.3278026580811, 11.8297643661499, -2.01064395904541]::(268.0, 99.0, 118.0, 157.0)::(112.0, 7.0)->(4, 0)
[-17.1473979949951, 11.3018035888672, -1.64999783039093]::(268.0, 99.0, 118.0, 157.0)::(112.0, 7.0)->(4, 0)
[-17.5564575195312, 11.4402208328247, -1.89616894721985]::(268.0, 99.0, 118.0, 157.0)::(112.0, 7.0)->(4, 0)
[-16.9045734405518, 11.6971731185913, -1.79759776592255]::(268.0, 99.0, 118.0, 157.0)::(116.0, 7.0)->(4, 0)
[-17.0749969482422, 11.2608280181885, -1.60178422927856]::(268.0, 99.0, 118.0, 157.0)::(116.0, 7.0)->(4, 0)
[-17.4266719818115, 12.0521221160889, -2.02144050598145]::(268.0, 99.0, 118.0, 157.0)::(116.0, 7.0)->(4, 0)
[-17.3389797210693, 11.7074241638184, -1.89622569084167]::(268.0, 99.0, 118.0, 157.0)::(112.0, 7.0)->(4, 0)
