Neural Network with [3] layers: 5 50 5
Loss: 0.178731, Accuracy: 100%, stepSize: 0.1, reg: 0.0001
Weights: 
-0.176222 -0.378918 -0.000315322 -0.0171094 -0.135266 -0.173493 0.00111061 -0.0843985 -0.000684684 -0.0011566 -0.0555424 -0.000902658 0.00109543 -0.0460364 -0.0502364 -0.232896 -0.11207 -0.292847 -0.146116 0.000936461 -0.0170488 -0.019427 0.00123251 -0.281516 -0.152508 0.000567914 -0.0207592 -0.132047 0.000243895 0.0012921 -9.73578e-05 -0.150622 -0.000682429 -0.0384328 -0.127535 -0.0463293 -0.0519829 -0.000770731 -0.110258 -0.000102191 0.000511511 -0.000570253 0.00020786 0.000583674 0.00104486 -2.99273e-05 0.000990327 -0.11549 0.000180567 -0.182916
0.0300537 0.158438 5.25539e-05 -0.0409693 0.0996842 0.095885 0.000709686 -0.336703 0.00130611 0.000356293 -0.147063 -3.64931e-05 1.45856e-05 -0.133897 -0.0842917 0.118985 0.0780102 0.178454 0.00712453 -0.000237969 -0.0685399 0.0265958 0.000672846 -0.873011 -0.449931 0.00118525 -0.0905499 0.129982 0.00123265 0.000801456 0.00124804 0.151949 -6.19313e-05 -0.168413 -0.330955 -0.0257535 -0.187208 0.000486099 -0.360751 0.00122171 0.000547308 0.000101299 0.00102097 0.000813953 6.76329e-05 0.000453853 0.00105566 -0.363047 -0.0098833 0.102746
-0.241485 -0.506652 0.000895817 0.0264053 -0.195645 -0.206165 -0.000642963 -0.0544264 0.00060267 0.00104128 -0.0158785 0.00107633 4.73188e-05 -0.0498079 -0.133191 -0.291764 -0.181228 -0.391362 -0.212531 0.00092436 0.0216684 -0.0277383 0.000148806 -0.0611561 -0.00600397 -0.000703978 -0.0557564 -0.156851 0.00015197 -0.000875694 -0.00101221 -0.172183 -0.000297164 -0.0947195 -0.000522474 -0.105422 -0.0505148 0.00110682 -0.0425891 0.000359281 0.00131855 3.907e-05 -0.000159874 0.000559025 -9.92736e-05 0.000492748 0.000118954 -0.0139475 -0.0288903 -0.222967
0.015276 -0.130468 -0.00125976 0.0460293 -0.10739 -0.114412 -0.00122487 0.557133 0.000685753 -0.000615201 0.229855 0.00110759 -0.000491429 0.232091 0.195734 -0.124187 -0.0750478 -0.19033 0.0487167 -0.000624384 0.093297 -0.0361446 0.00105698 1.36739 0.687004 -0.000863712 0.174201 -0.180305 -0.000952341 -0.00279019 -0.000812661 -0.216825 -0.000804612 0.316914 0.49879 0.0831608 0.319398 -0.00067633 0.579145 -0.000164213 0.00122996 -0.00107338 0.000620618 0.000654247 -0.00117688 -0.000813209 -0.000976583 0.560683 0.0324444 -0.115703
5.32742 13.0325 -0.00120864 -1.7764 5.91624 5.78758 0.000638998 -6.37937 0.000410112 -0.000172114 -3.22155 -0.00118941 0.00131591 -1.95333 1.24499 7.85262 5.2965 11.1868 4.34244 -0.000229 -2.1923 1.05223 0.000337643 -19.3292 -10.7283 -0.000493862 -0.671358 5.5303 0.00130815 0.0725207 -0.000489233 6.26786 -0.00127611 -1.40118 -8.17066 1.77398 -3.03644 0.000976732 -7.46155 0.000878851 0.000950774 -0.000232697 0.000998421 -0.00130166 0.000577666 0.00112769 -0.000134394 -8.31202 0.552574 6.19661

-3.72687 -1.2297 0.0615852 1.66895 3.22593
-8.98293 -3.15752 0.122492 4.01524 8.00337
0.000691841 -0.00070976 -0.000575948 -0.00101221 0.00131855
1.12945 0.456319 0.111683 -0.513344 -1.18528
-4.0135 -1.47672 0.00283435 1.79355 3.69307
-3.96977 -1.45169 0.0870774 1.76695 3.56574
-0.001226 -3.64931e-05 0.000818515 -0.00101037 0.000101299
3.85128 1.97813 0.290257 -1.70485 -4.41407
0.000485298 0.00110759 9.32446e-05 0.000329224 -0.00107338
0.00117657 -0.00118941 -4.11383e-06 0.000820321 -0.000232697
1.95423 0.956343 0.191187 -0.87472 -2.2255
5.25539e-05 1.2242e-05 0.000672048 -6.37915e-05 0.00101924
0.000895663 4.39431e-05 0.000147587 -0.00029974 -0.000161685
1.12841 0.661137 0.10095 -0.497954 -1.39342
-0.970331 -0.118786 -0.0446109 0.453253 0.680644
-5.39625 -1.94157 0.10155 2.40578 4.83315
-3.5944 -1.30326 -0.021405 1.61093 3.30766
-7.63821 -2.78045 0.0728782 3.40808 6.93407
-3.05772 -0.970255 0.0428818 1.37464 2.6138
-0.00117242 -0.00115372 -0.00100031 -0.000242754 -0.00130166
1.38163 0.594732 0.115466 -0.622703 -1.47041
-0.701468 -0.277837 0.000110026 0.313365 0.666523
0.000240817 -0.000603381 -0.00134523 -0.0011038 -9.92875e-05
11.7869 5.71794 1.05524 -5.26231 -13.2978
6.5808 3.11172 0.603823 -2.9471 -7.3501
7.28875e-05 -9.62337e-05 0.000567914 -0.000364484 -2.99273e-05
0.338051 0.310354 0.00802437 -0.139521 -0.515848
-3.72119 -1.44917 0.0439221 1.6519 3.47253
-0.000227363 0.000707835 -0.000863712 0.000766405 -0.000813209
-0.0460359 -0.0190396 -0.00278558 0.0214846 0.0481652
0.00111061 0.000887296 0.00104746 -0.00040729 0.000990327
-4.21274 -1.65325 0.0586734 1.8705 3.93785
-0.000642502 -0.00131051 -0.000946546 0.000836098 0.000118839
0.731534 0.604175 0.0275328 -0.303579 -1.05969
5.01121 2.34901 0.491797 -2.24807 -5.60234
-1.26317 -0.340936 -0.0350051 0.575629 1.06362
1.79497 0.98884 0.139318 -0.789671 -2.13275
0.000694021 0.000610118 -0.000954015 0.00110682 -0.000146097
4.52549 2.25218 0.389637 -2.01472 -5.15085
-0.000364485 0.00105174 0.000935362 0.000976732 3.96784e-05
-0.000684684 -0.000722156 0.000243895 -7.77836e-05 0.00103261
0.00130611 -0.000524225 0.00123265 1.61206e-05 -0.000163144
0.000602397 -0.000403527 0.000151696 0.000271525 -8.68536e-05
0.000685753 3.59276e-05 -0.000952341 0.000859537 0.000830003
0.000410112 0.000246615 0.00130815 0.000692486 -0.000364974
-0.0011566 0.000936461 -0.000246939 -0.000102191 -0.000780825
0.000356293 -0.000237969 -0.000969479 0.00122171 0.00135095
5.08654 2.43477 0.456468 -2.27147 -5.70475
-0.381679 -0.102057 -0.0392573 0.177693 0.343579
-4.24869 -1.5479 0.0842381 1.89188 3.82123

Bias: 
0.922395 1.92733 0 0.158311 0.648167 0.866939 0 0.844915 0 0 0.473612 0 -0.000197193 0.38293 0.334608 1.16871 0.54625 1.44251 0.78567 0 0.187274 0.08968 -6.19838e-05 2.57912 1.37115 0 0.196677 0.602954 0 0.00180179 0 0.691365 -0.000146262 0.379442 1.09709 0.26355 0.487788 0 1.01996 0 0 0 -0.000146172 0 0 0 0 1.07832 0.0149846 0.906883

-1.75985 0.274179 2.51556 0.831944 -1.86183

End File