Neural Network with [3] layers: 5 50 5
Loss: 0.249152, Accuracy: 98%, stepSize: 0.1, reg: 0.0001
Weights: 
-0.00135332 -2.27147 -0.000315322 0.0441422 -1.45172 -0.859994 -0.845004 -0.000464915 -0.000684684 -0.0011566 0.629683 -0.000902658 -0.427217 0.128644 -0.401578 -1.23602 -1.31821 -2.01431 -0.710758 0.000934997 0.188163 -0.21756 0.0668605 2.42487 0.882214 0.48317 0.262594 -1.30519 0.000243895 -0.000246939 -9.73578e-05 -1.34251 -0.000682511 0.351799 -0.000998254 -0.705919 -0.00040729 -0.000770731 -8.27663e-05 -0.000102191 0.000511511 -0.000570253 0.000204083 0.298807 0.00254321 -2.99273e-05 0.000990327 1.22366 -0.203994 -0.000780825
-0.000997309 -1.32931 5.25539e-05 0.0258104 -0.838367 -0.509195 -0.481515 0.00035901 0.00130611 0.000356293 0.271021 -3.64931e-05 -0.244668 0.0312061 -0.230191 -0.726896 -0.768453 -1.16896 -0.417911 -0.00023709 0.0943069 -0.131076 0.0288474 1.0133 0.400882 0.215598 0.104659 -0.752824 0.00123265 -0.000969479 0.00124804 -0.780639 -6.37915e-05 0.098002 0.00104383 -0.406461 -0.000129108 0.000486099 1.95557e-05 0.00122171 0.000547308 0.000101299 0.00102209 0.136768 -0.00511611 0.000453853 0.00105566 0.508396 -0.123464 0.00135095
0.000691841 -1.32496 0.000895817 0.0311523 -0.845721 -0.50414 -0.481894 0.000694021 0.00060267 0.00104128 0.370594 0.00107633 -0.249789 0.0713382 -0.226021 -0.72825 -0.776417 -1.17343 -0.412585 0.000925645 0.118349 -0.13728 0.0320021 1.39067 0.516892 0.28239 0.153932 -0.760532 0.00015197 0.00017566 -0.00101221 -0.783858 -0.000299591 0.184357 -0.00110385 -0.407082 0.000836214 0.00110682 0.000276707 0.000359281 0.00131855 3.907e-05 -0.000157709 0.167104 0.000289363 0.000492748 0.000118954 0.698941 -0.125854 -0.000937581
-0.000111921 -2.40133 -0.00125976 0.023177 -1.53723 -0.901342 -0.930417 0.00132908 0.000685753 -0.000615201 0.64126 0.00110759 -0.458234 0.151583 -0.444293 -1.28946 -1.38623 -2.13217 -0.758329 -0.000624972 0.159274 -0.213057 0.0759138 2.57042 0.910839 0.496215 0.265801 -1.38191 -0.000952341 -0.000670914 -0.000812661 -1.41339 -0.000803206 0.407557 -0.00091432 -0.75829 0.0011684 -0.00067633 0.000857063 -0.000164213 0.00122996 -0.00107338 0.00062192 0.315437 -0.00142539 -0.000813209 -0.000976583 1.29548 -0.20318 0.00035319
8.86904e-05 16.6385 -0.00120864 -0.381957 10.6987 6.28486 6.1809 -0.000364485 0.000410112 -0.000172114 -5.34589 -0.00118941 3.18713 -1.25152 2.89365 9.06512 9.7494 14.8061 5.16812 -0.000228776 -1.56037 1.65114 -0.483712 -20.4592 -7.3268 -4.03777 -2.29001 9.61491 0.00130815 -3.10874e-05 -0.000489233 9.87912 -0.00127654 -3.16497 -0.00116099 5.16492 0.000410457 0.000976732 0.000691268 0.000878851 0.000950774 -0.000232697 0.000992462 -2.37983 -0.0465086 0.00112769 -0.000134394 -10.3007 1.53614 0.000314923

-0.00135332 0.000721316 0.00010097 -9.73578e-05 0.000511511
-10.4605 -2.37779 1.41612 4.61726 6.80561
0.000691841 -0.00070976 -0.000575948 -0.00101221 0.00131855
0.233494 0.0898586 -0.0107224 -0.120549 -0.193255
-6.71385 -1.56309 0.862099 2.96382 4.45025
-3.95659 -0.890467 0.554112 1.75055 2.54071
-3.87876 -0.877841 0.494074 1.68646 2.57471
0.000484129 0.00107633 -0.00126387 0.000409395 3.907e-05
0.000485298 0.00110759 9.32446e-05 0.000329224 -0.00107338
0.00117657 -0.00118941 -4.11383e-06 0.000820321 -0.000232697
3.22604 1.17182 0.0651957 -1.46303 -2.99849
5.25539e-05 1.2242e-05 0.000672048 -6.37915e-05 0.00101924
-1.99514 -0.475163 0.23875 0.881281 1.35089
0.728263 0.334874 0.118869 -0.325167 -0.857713
-1.82009 -0.396313 0.247613 0.786053 1.18291
-5.70143 -1.29996 0.783904 2.52969 3.69045
-6.11939 -1.42883 0.791451 2.71331 4.04298
-9.29917 -2.14369 1.22037 4.10319 6.11567
-3.25319 -0.719427 0.457535 1.43054 2.08789
-0.0011724 -0.00115364 -0.00100035 -0.000242787 -0.0013017
0.951507 0.33523 -0.0258753 -0.451042 -0.811101
-1.03625 -0.253267 0.136079 0.475095 0.679037
0.294613 0.0905065 -0.00720935 -0.121733 -0.259088
12.3321 4.44751 0.30827 -5.51666 -11.5713
4.44649 1.52313 -0.00961255 -2.00554 -3.95531
2.44514 0.85714 0.0160615 -1.1039 -2.2143
1.37187 0.532276 0.0671148 -0.624389 -1.34581
-6.03339 -1.40759 0.77149 2.66192 4.00557
-0.000227363 0.000707835 -0.000863712 0.000766405 -0.000813209
0.000544558 0.000731357 -0.000493862 -0.000120969 0.00112769
0.00111061 0.000887296 0.00104746 -0.00040729 0.000990327
-6.20317 -1.43847 0.811905 2.74275 4.08802
-0.000642963 -0.00131039 -0.000946431 0.000836214 0.000118954
1.86054 0.798178 0.233112 -0.810294 -2.08157
0.000638998 0.000996727 -0.000309063 0.000410457 -0.000134394
-3.24298 -0.741501 0.421916 1.42149 2.14122
0.00035901 0.000639384 -7.00942e-07 0.000486099 -0.000769963
0.000694021 0.000610118 -0.000954015 0.00110682 -0.000146097
0.00132879 0.00135157 0.000235918 -0.000676091 -0.000498334
-0.000364485 0.00105174 0.000935362 0.000976732 3.96784e-05
-0.000684684 -0.000722156 0.000243895 -7.77836e-05 0.00103261
0.00130611 -0.000524225 0.00123265 1.61206e-05 -0.000163144
0.000593727 -0.000412197 0.000143041 0.000272492 -6.18253e-05
1.44934 0.475642 -0.0230118 -0.639954 -1.26056
0.0224486 0.0306659 0.0244557 -0.010799 -0.0644788
-0.0011566 0.000936461 -0.000246939 -0.000102191 -0.000780825
0.000356293 -0.000237969 -0.000969479 0.00122171 0.00135095
6.20876 2.24203 0.157989 -2.77368 -5.83353
-0.965414 -0.231205 0.129333 0.438492 0.627071
-0.000172114 -0.000229 -3.10874e-05 0.000878851 0.000314923

Bias: 
0 1.20681 0 0.0183932 0.708591 0.47943 0.422003 0 0 0 0.370567 0 0.188257 0.223191 0.22152 0.665764 0.648983 1.01978 0.402876 -7.41067e-05 0.0684518 0.105391 0.0178549 1.45426 0.360859 0.230981 0.215583 0.631535 0 0 0 0.671106 0 0.473752 0 0.355011 0 0 -0.000278742 0 0 0 -0.000290627 0.096416 0.038944 0 0 0.737215 0.103987 0

-3.7485 3.06523 2.92661 1.25479 -3.49813

End File