Neural Network with [3] layers: 5 50 5
Loss: 0.186551, Accuracy: 100%, stepSize: 0.1, reg: 0.0001
Weights: 
0.357014 2.33131 -0.000315322 -0.186553 -0.000223339 1.00541 1.86149 -0.000464915 -0.000684684 -0.0011566 -0.640686 -0.000902658 0.00109566 -0.078811 0.910874 1.38743 2.26927 0.000350632 0.447384 0.000936461 -0.298236 0.32773 0.00123252 -5.11455 -3.91251 -0.495407 0.598509 1.25929 0.000243852 0.157063 -1.72171 1.74859 -0.000679874 0.366714 -4.07812 0.849178 -0.00040729 -0.000770731 -7.77836e-05 -0.000102191 0.000511511 -2.50383 0.000207647 0.000583674 0.534647 -3.00421e-05 0.000990327 -1.753 0.00103261 0.628611
0.0396597 0.159699 5.25539e-05 -0.0128918 0.000505534 0.0694182 0.105919 0.00035901 0.00130611 0.000356293 -0.0233427 -3.64931e-05 1.73273e-05 -0.00489667 0.0498044 0.0953848 0.116932 0.000639384 0.0446997 -0.000237969 -0.016864 0.019632 0.000672048 -0.17058 -0.130959 -0.0176345 0.0300771 0.0661923 0.00123403 0.0032303 -0.0577826 0.0904888 -5.87834e-05 0.0338317 -0.124849 0.042384 -0.000129108 0.000486099 1.61206e-05 0.00122171 0.000547308 -0.0778752 0.00101924 0.000813953 0.0339738 0.000455209 0.00105566 -0.0600614 -0.000163144 0.0533681
-0.0553102 -0.20012 0.000895817 0.00771338 0.000240831 -0.0878831 -0.126717 0.000694021 0.00060267 0.00104128 0.0156804 0.00107633 5.11802e-05 0.00167075 -0.0610132 -0.118523 -0.137465 0.000610118 -0.0612082 0.00092436 0.0114816 -0.0228094 0.000147741 0.119891 0.0921553 0.0132961 -0.0364468 -0.0775248 0.000153898 -0.00546635 0.0413571 -0.105451 -0.000292689 -0.0465162 0.0841196 -0.050998 0.000836214 0.00110682 0.000271734 0.000359281 0.00131855 0.0531372 -0.000162296 0.000559025 -0.0419704 0.000494637 0.000118954 0.0427266 -8.7881e-05 -0.0681075
-0.00331835 -0.00780582 -0.00125976 -0.00121598 0.00116505 -0.00394198 -0.00558457 0.00132908 0.000685753 -0.000615201 -0.00204944 0.00110759 -0.000487277 0.000901615 -0.00103047 -0.0041219 -0.00329468 0.00135187 -0.00321981 -0.000624384 -0.00185685 -0.000477639 0.0010576 -0.00965569 -0.00793172 -0.00187081 -0.00072837 -0.00193252 -0.000951648 -0.000972276 -0.00429413 -0.00267162 -0.000800717 -0.00119525 -0.00941249 -0.000687499 0.0011684 -0.00067633 0.000859537 -0.000164213 0.00122996 -0.00627184 0.000621853 0.000654247 -0.00284121 -0.000812531 -0.000976583 -0.00392952 0.000830003 -0.00281306
3.28953 13.5328 -0.00120864 -1.0742 0.000936963 5.93029 9.01756 -0.000364485 0.000410112 -0.000172114 -2.10116 -0.00118941 0.00131258 -0.362501 4.29205 7.93689 10.2136 0.00105174 3.68782 -0.000229 -1.40383 1.61227 0.000337927 -15.4893 -11.89 -1.67745 2.56913 5.731 0.0013068 0.415312 -5.3581 7.93048 -0.00127516 2.78973 -11.6472 3.72971 0.000410457 0.000976732 0.000692486 0.000878851 0.000950774 -7.1812 0.000999478 -0.00130166 2.8796 0.00112633 -0.000134394 -5.39429 -0.000364974 4.31096

-2.31294 -1.01093 0.380669 1.21523 1.72785
-9.28294 -4.35376 1.19592 4.6604 7.78103
0.000691841 -0.00070976 -0.000575948 -0.00101221 0.00131855
0.696281 0.379868 -0.0387217 -0.415163 -0.623439
8.86904e-05 -0.000380924 -0.000937269 -0.000489233 0.000950774
-4.07209 -1.90554 0.530767 2.04845 3.39672
-6.11871 -2.95764 0.685242 2.96692 5.42284
0.000484129 0.00107633 -0.00126387 0.000409395 3.907e-05
0.000485298 0.00110759 9.32446e-05 0.000329224 -0.00107338
0.00117657 -0.00118941 -4.11383e-06 0.000820321 -0.000232697
1.33685 0.764455 -0.0236586 -0.647396 -1.42872
5.25539e-05 1.2242e-05 0.000672048 -6.37915e-05 0.00101924
0.000894013 4.2293e-05 0.000146083 -0.000299888 -0.000156734
0.232804 0.129399 -0.00871813 -0.13156 -0.222799
-2.91151 -1.40748 0.322832 1.39631 2.60001
-5.44064 -2.55586 0.696364 2.72343 4.57938
-6.88117 -3.39053 0.69889 3.30384 6.2685
-0.0013325 -0.00110775 -0.000777489 -0.000968934 0.000559025
-2.57785 -1.14473 0.404566 1.34662 1.97474
-0.00117242 -0.00115372 -0.00100031 -0.000242754 -0.00130166
0.907982 0.498152 -0.0452513 -0.506376 -0.855788
-1.08912 -0.532456 0.116077 0.539644 0.966545
0.000240831 -0.000603368 -0.00134522 -0.00110385 -9.92736e-05
9.81632 5.66223 -0.102463 -4.54465 -10.8315
7.54077 4.34166 -0.087711 -3.49169 -8.30387
1.07282 0.60505 -0.0276706 -0.521921 -1.12813
-1.73443 -0.849053 0.179071 0.80818 1.59729
-3.86389 -1.90109 0.396496 1.86031 3.50617
-0.000227442 0.000707755 -0.000863792 0.000766325 -0.00081289
-0.275345 -0.140439 0.0189459 0.0941728 0.304454
3.40366 1.95337 -0.047424 -1.59623 -3.70975
-5.34499 -2.6311 0.548422 2.57158 4.85712
-0.000639719 -0.00130942 -0.000946638 0.000834363 0.000116795
-1.94573 -0.870519 0.297176 1.00401 1.51504
7.33271 4.29907 0.00417997 -3.31049 -8.32387
-2.5122 -1.23818 0.252703 1.19323 2.30458
0.00035901 0.000639384 -7.00942e-07 0.000486099 -0.000769963
0.000694021 0.000610118 -0.000954015 0.00110682 -0.000146097
0.00132908 0.00135187 0.000235986 -0.00067633 -0.000498753
-0.000364485 0.00105174 0.000935362 0.000976732 3.96784e-05
-0.000684684 -0.000722156 0.000243895 -7.77836e-05 0.00103261
4.52434 2.64726 8.47615e-05 -2.04589 -5.12392
0.00060267 -0.000403254 0.00015197 0.000271734 -8.7881e-05
0.000685753 3.59276e-05 -0.000952341 0.000859537 0.000830003
-1.96742 -0.932496 0.243038 0.973379 1.68579
-0.00115676 0.000936301 -0.0002471 -0.000102263 -0.000780273
0.000356293 -0.000237969 -0.000969479 0.00122171 0.00135095
3.42583 1.96653 -0.0466138 -1.59424 -3.74994
-0.000615201 -0.000624384 -0.000670914 -0.000164213 0.00035319
-2.98454 -1.36378 0.425692 1.53314 2.39026

Bias: 
0.599397 1.50069 0 0.102615 0 0.674357 0.734338 0 0 0 0.238616 0 -0.000670959 0.0383139 0.350945 0.86847 0.622505 0 0.609485 0 0.123572 0.104694 0 1.84482 1.38965 0.165929 0.182329 0.358461 -0.000182665 0.026379 0.613426 0.494494 -0.000656737 0.443823 1.57535 0.228735 0 0 0 0 0 0.962137 0 0 0.292389 -0.000178916 0 0.614783 0 0.588881

-1.95127 1.0989 2.02186 0.252732 -1.42223

End File