Neural Network with [3] layers: 5 50 5
Loss: 0.30292, Accuracy: 100%, stepSize: 0.1, reg: 0.0001
Weights: 
-0.00135332 -0.000760687 -0.000315322 -1.72262 -2.69159 1.32807 1.75996 -0.000464915 -0.000684684 -0.0011566 0.772946 -0.000902658 1.02435 -0.923422 -2.23897 0.345123 -0.542339 -0.798227 -0.000722156 2.04712 -0.0325279 0.513714 -0.333172 0.281771 -3.3905 0.745299 0.746655 -2.45618 0.000243895 -0.000246939 -9.73578e-05 -0.596039 -0.000682511 2.63485 -0.000998254 -3.33047 -0.00040729 -0.000770731 -8.58465e-05 -0.000102191 -0.0415596 -0.000570253 0.000201195 -0.467026 2.53821 -2.99273e-05 1.17555 2.01917 0.420366 -0.000780825
-0.000997309 -0.001226 5.25539e-05 3.67514 3.90327 -4.70623 -6.70302 0.00035901 0.00130611 0.000356293 -3.46486 -3.64931e-05 -2.98038 1.61318 2.72941 -1.47539 0.874225 0.169886 -0.000524225 -6.31554 0.496396 0.0237667 2.19119 -0.171095 6.76139 -2.70477 -2.49245 3.42061 0.00123265 -0.000969479 0.00124804 0.0304933 -6.37915e-05 -6.23441 0.00104383 4.04316 -0.000129108 0.000486099 1.98775e-05 0.00122171 -1.47344 0.000101299 0.00102339 2.06105 -8.26366 0.000453853 -2.2822 -5.8539 -0.103974 0.00135095
0.000691841 0.000484129 0.000895817 0.227455 -0.264039 -0.755606 -1.05439 0.000694021 0.00060267 0.00104128 0.829159 0.00107633 -0.472992 0.378119 0.347383 -1.4804 -1.31596 -1.752 -0.000403254 0.305735 0.019798 -0.672333 0.0204918 3.40959 2.06714 0.559793 0.0638732 -0.219356 0.00015197 0.00017566 -0.00101221 -0.853563 -0.000299591 -0.0608185 -0.00110385 0.5827 0.000836214 0.00110682 0.00027736 0.000359281 -1.62144 3.907e-05 -0.000155841 0.564098 -0.0207159 0.000492748 -0.972318 1.66621 -0.399288 -0.000937581
-0.000111921 0.000485298 -0.00125976 1.23022 -3.01907 -3.32246 -4.90661 0.00132908 0.000685753 -0.000615201 -1.27912 0.00110759 -1.8291 0.580281 -2.12539 -2.42834 -1.29686 -2.81065 3.59276e-05 -2.67815 0.760071 0.0674485 1.64212 3.82655 3.65114 -0.892081 -1.19854 -2.66592 -0.000952341 -0.000670914 -0.000812661 -1.72635 -0.000803206 -2.13246 -0.00091432 -3.0714 0.0011684 -0.00067633 0.000856634 -0.000164213 -3.14674 -0.00107338 0.000617735 1.87829 -4.16124 -0.000813209 -1.47705 -0.85004 0.0961751 0.00035319
8.86904e-05 0.00117657 -0.00120864 -0.803552 6.81157 5.43658 7.91977 -0.000364485 0.000410112 -0.000172114 -3.20412 -0.00118941 3.00095 -1.5314 2.26199 8.73937 7.56023 11.2149 0.000246615 -0.560737 -0.451704 2.45231 -1.48652 -19.3372 -10.064 -2.30009 0.187025 6.01498 0.00130815 -3.10874e-05 -0.000489233 5.97936 -0.00127654 -0.0818814 -0.00116099 2.88318 0.000410457 0.000976732 0.000690665 0.000878851 10.3838 -0.000232697 0.000997823 -4.01623 1.90857 0.00112769 4.81759 -8.47819 1.29641 0.000314923

-0.00135332 0.000721316 0.00010097 -9.73578e-05 0.000511511
-0.000997309 -6.0273e-05 -8.68374e-05 0.00124804 0.000547308
0.000691841 -0.00070976 -0.000575948 -0.00101221 0.00131855
2.78972 -0.725123 -1.67441 -2.12231 1.73095
-0.977327 -4.90645 -1.16138 -0.14034 7.18472
-6.592 -0.64885 2.46798 3.73263 1.03856
-9.56913 -0.946586 3.58102 5.25675 1.67659
0.000484129 0.00107633 -0.00126387 0.000409395 3.907e-05
0.000485298 0.00110759 9.32446e-05 0.000329224 -0.00107338
0.00117657 -0.00118941 -4.11383e-06 0.000820321 -0.000232697
-0.839788 2.76946 2.06479 -0.494424 -3.4985
5.25539e-05 1.2242e-05 0.000672048 -6.37915e-05 0.00101924
-3.81412 -0.290874 1.47763 2.36244 0.265547
1.79867 0.274716 -0.631912 -1.59532 0.152965
0.560663 -2.21089 -0.602253 -1.53419 3.78684
-6.10382 -3.28101 0.6517 4.09889 4.6369
-3.82648 -3.5299 -0.519863 2.67055 5.20522
-6.70248 -4.69203 0.0253322 3.9732 7.39235
-0.000315556 0.00121195 0.000581151 0.0012112 0.000654247
-4.19188 2.46569 3.34401 1.95522 -3.57792
0.8338 -0.2559 -0.378186 -0.326999 0.126003
-1.06758 -1.29023 -0.394561 1.597 1.15607
2.6617 -0.271859 -1.39839 -0.946623 -0.0477302
11.1132 8.44421 0.248476 -7.72808 -12.0779
9.92855 2.52723 -2.82925 -7.70723 -1.92014
-0.689031 2.01289 1.53885 -0.159408 -2.70315
-1.92546 0.823581 1.34122 0.880784 -1.11907
-0.906185 -4.3086 -0.981528 -0.182088 6.3764
-0.000227363 0.000707835 -0.000863712 0.000766405 -0.000813209
0.000544558 0.000731357 -0.000493862 -0.000120969 0.00112769
0.00111061 0.000887296 0.00104746 -0.00040729 0.000990327
-3.72974 -2.40125 0.146009 1.94453 4.04148
-0.000642963 -0.00131039 -0.000946431 0.000836214 0.000118954
-4.0588 2.00278 2.90981 2.79608 -3.6499
0.000638998 0.000996727 -0.000309063 0.000410457 -0.000134394
1.06491 -2.97693 -0.883228 -2.53484 5.33022
0.00035901 0.000639384 -7.00942e-07 0.000486099 -0.000769963
0.000694021 0.000610118 -0.000954015 0.00110682 -0.000146097
0.00132885 0.00135169 0.000235745 -0.000676286 -0.000498145
-0.000364485 0.00105174 0.000935362 0.000976732 3.96784e-05
-7.27135 -3.84482 0.813124 4.40339 5.89944
0.00130611 -0.000524225 0.00123265 1.61206e-05 -0.000163144
0.000599081 -0.000406785 0.00014841 0.000274239 -7.97064e-05
3.90899 0.955175 -1.17215 -2.14835 -1.54221
-7.08917 2.12602 4.40704 3.51826 -2.95985
-0.0011566 0.000936461 -0.000246939 -0.000102191 -0.000780825
-4.11467 -1.4945 0.845719 3.29645 1.46872
0.74829 5.73094 3.15382 -1.36605 -8.26543
-0.581257 -0.684993 -0.216446 1.00379 0.47719
-0.000172114 -0.000229 -3.10874e-05 0.000878851 0.000314923

Bias: 
0 0 0 0.677512 1.27668 -0.354135 -0.457527 0 0 0 -0.143522 0 -0.293036 0.400414 0.962556 0.0525197 0.354019 0.498058 0 -0.641779 0.0129368 0.486666 0.7854 0.848025 1.66699 -0.164219 -0.247372 1.14173 0 0 0 0.3242 0 -0.406431 0 1.42044 0 0 -0.000307202 0 0.213219 0 -0.000346347 0.697457 -0.843122 0 0.0844316 -0.367102 0.326205 0

-0.215586 -0.094301 0.894375 0.0226496 -0.607138

End File