Neural Network with [3] layers: 5 50 5
Loss: 0.188039, Accuracy: 100%, stepSize: 0.1, reg: 0.0001
Weights: 
-0.813592 -1.69277 -0.000315322 0.180987 -1.09941 -0.536183 0.00111061 0.375051 -0.000684684 -0.0011566 0.000721508 -0.00089847 0.00109527 -0.159403 -0.711664 -1.01808 -0.801403 -1.60185 -0.656225 0.000936461 0.289558 -0.0865946 0.00123252 2.22512 1.15447 0.000567914 -0.172434 -0.738917 0.000243895 -0.0139179 -9.73578e-05 -0.739677 -0.000677541 -0.0886408 1.17213 -0.63909 0.11293 -0.000770731 5.63438e-05 -0.000102191 0.000511511 -0.000570253 0.000210497 0.000583674 0.00104486 -2.99273e-05 0.000990327 0.00132455 0.00103276 -0.790548
0.769307 1.60578 5.25539e-05 -0.162382 1.04471 0.513806 0.000709686 -0.349358 0.00130611 0.000356293 -6.00687e-05 -3.23978e-05 1.2242e-05 0.163024 0.689242 0.971635 0.770552 1.53275 0.619659 -0.000237969 -0.261654 0.075287 0.000672048 -1.97324 -1.03864 0.00118525 0.183817 0.706301 0.00123265 0.011522 0.00124804 0.71313 -5.89459e-05 0.090563 -1.05393 0.61132 -0.107068 0.000486099 -2.31499e-05 0.00122171 0.000547308 0.000101299 0.00102168 0.000813953 6.76329e-05 0.000453853 0.00105566 -0.000769963 -0.000163 0.744166
-0.0882145 -0.185313 0.000895817 0.00416282 -0.118157 -0.0617166 -0.000642963 0.0060395 0.00060267 0.00104128 -0.000709474 0.00108219 4.40971e-05 -0.025269 -0.0845857 -0.115963 -0.0911903 -0.178206 -0.0725846 0.00092436 0.00880311 -0.00754756 0.000147741 -0.00628756 0.00564308 -0.000703978 -0.0301082 -0.0817612 0.00015197 -0.000289972 -0.00101221 -0.0835221 -0.000292511 -0.0183587 -0.000967173 -0.071996 0.000404386 0.00110682 0.000317571 0.000359281 0.00131855 3.907e-05 -0.000158526 0.000559025 -9.92736e-05 0.000492748 0.000118954 -0.000146097 -8.76762e-05 -0.0851758
0.736087 1.54423 -0.00125976 -0.155498 1.00447 0.498116 -0.00122487 -0.33733 0.000685753 -0.000615201 -0.000609387 0.0011042 -0.00048982 0.165659 0.665757 0.936011 0.74706 1.47775 0.593149 -0.000624384 -0.252379 0.0700012 0.0010576 -1.86469 -0.988504 -0.000863712 0.182074 0.681775 -0.000952341 0.0086639 -0.000812661 0.69363 -0.000806938 0.0924175 -1.00783 0.589661 -0.102021 -0.00067633 0.000712657 -0.000164213 0.00122996 -0.00107338 0.000619628 0.000654247 -0.00117688 -0.000813209 -0.000976583 -0.000498753 0.000829869 0.711547
6.88163 14.3752 -0.00120864 -1.41379 9.34381 4.634 0.000638998 -3.09845 0.000410112 -0.000172114 -0.000380907 -0.00118915 0.00131718 1.52277 6.22948 8.6988 6.95108 13.7566 5.53367 -0.000229 -2.27733 0.629605 0.000337927 -16.9872 -9.00766 -0.000493862 1.72583 6.34423 0.00130815 0.110243 -0.000489233 6.4469 -0.00127695 0.836598 -9.16419 5.49933 -0.954276 0.000976732 -3.07408e-05 0.000878851 0.000950774 -0.000232697 0.000996719 -0.00130166 0.000577666 0.00112769 -0.000134394 3.96784e-05 -0.000364962 6.60996

-4.40487 -2.41139 0.083959 2.55861 4.17357
-9.19292 -5.04695 0.176675 5.34031 8.72354
0.000691841 -0.00070976 -0.000575948 -0.00101221 0.00131855
0.852573 0.522177 0.0397851 -0.50485 -0.91086
-5.96577 -3.28628 0.106163 3.46471 5.68041
-2.96592 -1.62852 0.0669484 1.71672 2.80908
-0.001226 -3.64931e-05 0.000818515 -0.00101037 0.000101299
1.82586 1.17079 0.110421 -1.06274 -2.04359
0.000485298 0.00110759 9.32446e-05 0.000329224 -0.00107338
0.00117657 -0.00118941 -4.11383e-06 0.000820321 -0.000232697
-0.000315318 0.00109526 0.00123251 -0.000682512 0.000207646
5.41307e-05 1.18858e-05 0.000671642 -6.41984e-05 0.00101884
0.000895817 4.40971e-05 0.000147741 -0.000299591 -0.000162296
-0.977451 -0.538411 0.0396179 0.556154 0.919217
-3.98695 -2.18766 0.095762 2.2996 3.77942
-5.56721 -3.05339 0.117427 3.2324 5.27343
-4.43443 -2.45018 0.0899848 2.56456 4.22958
-8.79145 -4.8376 0.176426 5.09408 8.35492
-3.54494 -1.9369 0.0704249 2.06257 3.35219
-0.00117242 -0.00115372 -0.00100031 -0.000242754 -0.00130166
1.37315 0.843102 0.0618532 -0.81306 -1.46633
-0.4018 -0.220221 -0.00211898 0.243288 0.381545
0.000240831 -0.000603368 -0.00134522 -0.00110385 -9.92736e-05
9.97112 6.4101 0.776814 -5.91951 -11.2386
5.31342 3.39003 0.366914 -3.1394 -5.93181
7.28875e-05 -9.62337e-05 0.000567914 -0.000364484 -2.99273e-05
-1.11453 -0.604201 0.0553251 0.626385 1.03808
-4.04715 -2.2353 0.075055 2.34491 3.86048
-0.000227363 0.000707835 -0.000863712 0.000766405 -0.000813209
-0.0697168 -0.0364475 -0.000769018 0.039254 0.0694681
0.00111061 0.000887296 0.00104746 -0.00040729 0.000990327
-4.1111 -2.27411 0.085911 2.3763 3.92403
-0.000641396 -0.00131041 -0.000946855 0.000835651 0.000118391
-0.55504 -0.286719 0.0379458 0.31872 0.485062
5.37228 3.46903 0.401307 -3.17162 -6.0694
-3.51208 -1.93429 0.0698362 2.03352 3.34315
0.552757 0.365285 0.0416549 -0.318318 -0.640664
0.000694021 0.000610118 -0.000954015 0.00110682 -0.000146097
0.00120062 0.00128733 0.000238204 -0.0006149 -0.00036939
-0.000364485 0.00105174 0.000935362 0.000976732 3.96784e-05
-0.000684684 -0.000722156 0.000243895 -7.77836e-05 0.00103261
0.00130611 -0.000524225 0.00123265 1.61206e-05 -0.000163144
0.000601168 -0.000404756 0.000150468 0.00027085 -8.24912e-05
0.000685753 3.59276e-05 -0.000952341 0.000859537 0.000830003
0.000410112 0.000246615 0.00130815 0.000692486 -0.000364974
-0.0011566 0.000936461 -0.000246939 -0.000102191 -0.000780825
0.000356293 -0.000237969 -0.000969479 0.00122171 0.00135095
0.00104128 0.00092436 0.00017566 0.000359281 -0.000937581
-0.000615198 -0.000624385 -0.000670915 -0.000164214 0.000353189
-4.22937 -2.31775 0.0737282 2.46617 4.00798

Bias: 
0.347822 0.697984 0 0.181372 0.40681 0.23956 0 0.608037 0 0 -1.84092e-05 -0.000356173 0 0.09941 0.318225 0.448899 0.289987 0.64032 0.297835 0 0.290833 0.0261275 0 3.55444 1.74873 0 0.140813 0.260244 0 0.000476951 0 0.26569 -0.000438405 0.143924 1.94046 0.244119 0.236687 0 -0.000254616 0 0 0 -0.000228305 0 0 0 0 0 -1.20104e-05 0.33

-1.6902 1.11397 1.73117 0.89261 -2.04755

End File