Neural Network with [3] layers: 5 50 5
Loss: 0.359317, Accuracy: 90%, stepSize: 0.1, reg: 0.0001
Weights: 
-0.296485 -0.815128 -0.000315322 0.369088 -0.45862 -0.311701 0.00111061 -0.000464915 -0.000684684 -0.0011566 0.832687 -0.000902658 0.00109556 -0.0988031 -0.122318 -0.50834 -0.393937 0.000350632 -0.282845 0.000936461 0.591223 -0.123229 0.00123252 2.51703 1.28152 0.000567914 0.225909 -0.386828 0.000243895 0.152922 0.920421 -0.405512 -0.000681831 -0.0503606 1.30484 -0.233913 -0.00040729 -0.000770731 -7.69479e-05 -0.000102191 0.000511511 -0.000570253 0.000207647 0.000583674 0.00104486 -2.99273e-05 0.000990327 1.37612 0.00103267 -0.415343
1.07927 2.84487 5.25539e-05 -0.914655 1.47428 1.13321 0.000709686 0.00035901 0.00130611 0.000356293 -1.83868 -3.64931e-05 1.32847e-05 0.307609 0.529651 1.76373 1.31834 0.000639384 1.0446 -0.000237969 -1.40561 0.369682 0.000672048 -5.92537 -3.14978 0.00118525 -0.388935 1.2125 0.00123265 -0.371058 -2.14972 1.31585 -5.9543e-05 0.341153 -3.10731 0.758736 -0.000129108 0.000486099 1.90006e-05 0.00122171 0.000547308 0.000101299 0.00101924 0.000813953 6.76329e-05 0.000453853 0.00105566 -3.17194 -0.000160689 1.38263
0.40638 1.09938 0.000895817 -0.534846 0.626935 0.414866 -0.000642963 0.000694021 0.00060267 0.00104128 -1.17759 0.00107633 4.55254e-05 0.124263 0.183828 0.682834 0.52883 0.000610118 0.380817 0.00092436 -0.839393 0.156277 0.000147741 -3.62338 -1.86451 -0.000703978 -0.299186 0.515053 0.00015197 -0.21447 -1.31667 0.543436 -0.000293916 0.064421 -1.88268 0.317703 0.000836214 0.00110682 0.000275677 0.000359281 0.00131855 3.907e-05 -0.000162296 0.000559025 -9.92736e-05 0.000492748 0.000118954 -1.97131 -8.46726e-05 0.554678
0.65448 1.89882 -0.00125976 -0.868993 1.16101 0.712883 -0.00122487 0.00132908 0.000685753 -0.000615201 -2.07887 0.00110759 -0.000490113 0.334343 0.322719 1.23868 0.978829 0.00135187 0.618142 -0.000624384 -1.46995 0.292668 0.0010576 -6.18246 -3.12193 -0.000863712 -0.548272 0.988185 -0.000952341 -0.407555 -2.2577 1.03545 -0.000804018 0.0975306 -3.26992 0.606661 0.0011684 -0.00067633 0.000858692 -0.000164213 0.00122996 -0.00107338 0.000621853 0.000654247 -0.00117688 -0.000813209 -0.000976583 -3.44512 0.000829702 0.99597
6.48639 16.5004 -0.00120864 -3.19565 7.67732 6.87432 0.000638998 -0.000364485 0.000410112 -0.000172114 -4.86214 -0.00118941 0.00131668 1.47619 3.28201 10.0605 7.27279 0.00105174 6.41153 -0.000229 -4.48065 1.92608 0.000337927 -18.0975 -10.4754 -0.000493862 -0.412795 6.25959 0.00130815 -1.19408 -6.55429 7.02203 -0.00127627 2.81832 -9.60373 3.97463 0.000410457 0.000976732 0.000691127 0.000878851 0.000950774 -0.000232697 0.000999478 -0.00130166 0.000577666 0.00112769 -0.000134394 -9.1413 -0.000363626 7.66965

-4.58581 -1.19023 0.264222 2.00776 3.50394
-11.5638 -3.17755 0.690283 5.02599 9.02575
0.000691841 -0.00070976 -0.000575948 -0.00101221 0.00131855
1.86677 0.86735 0.188616 -0.789269 -2.13464
-5.23582 -1.63913 0.283135 2.2331 4.35796
-4.86827 -1.28278 0.319629 2.12355 3.70618
-0.001226 -3.64931e-05 0.000818515 -0.00101037 0.000101299
0.000484129 0.00107633 -0.00126387 0.000409395 3.907e-05
0.000485298 0.00110759 9.32446e-05 0.000329224 -0.00107338
0.00117657 -0.00118941 -4.11383e-06 0.000820321 -0.000232697
2.3827 1.75157 0.529498 -0.930036 -3.7322
5.25539e-05 1.2242e-05 0.000672048 -6.37915e-05 0.00101924
0.00089576 4.40405e-05 0.000147685 -0.00029951 -0.000162208
-0.985022 -0.39416 0.12266 0.388928 0.866719
-2.34939 -0.596573 0.187501 1.01057 1.74806
-7.02615 -1.98992 0.452036 3.03362 5.53308
-5.03376 -1.4879 0.30987 2.16309 4.04823
-0.0013325 -0.00110775 -0.000777489 -0.000968934 0.000559025
-4.55286 -1.16287 0.279406 1.99775 3.44192
-0.00117242 -0.00115372 -0.00100031 -0.000242754 -0.00130166
2.49299 1.37024 0.280791 -1.01709 -3.12822
-1.30838 -0.415433 0.0632926 0.564502 1.09671
0.000240831 -0.000603368 -0.00134522 -0.00110385 -9.92736e-05
9.82914 5.62612 1.43274 -4.00606 -12.882
5.98044 2.99879 0.650717 -2.47953 -7.15126
7.28875e-05 -9.62337e-05 0.000567914 -0.000364484 -2.99273e-05
-0.0467982 0.359063 0.216435 0.0475021 -0.575143
-4.25401 -1.36824 0.241908 1.80957 3.56877
-0.000227363 0.000707835 -0.000863712 0.000766405 -0.000813209
0.670931 0.379712 0.0445768 -0.264286 -0.829144
3.55077 2.05287 0.520619 -1.4469 -4.67373
-4.81687 -1.49168 0.297375 2.05583 3.95638
-0.00064199 -0.00131009 -0.000946769 0.000835746 0.000118486
-2.12381 -0.417568 0.216197 0.93982 1.38533
5.25914 2.98861 0.675757 -2.12595 -6.79595
-2.71524 -0.854294 0.163333 1.15426 2.25207
0.00035901 0.000639384 -7.00942e-07 0.000486099 -0.000769963
0.000694021 0.000610118 -0.000954015 0.00110682 -0.000146097
0.00132894 0.00135173 0.000235879 -0.00067619 -0.000498509
-0.000364485 0.00105174 0.000935362 0.000976732 3.96784e-05
-0.000684684 -0.000722156 0.000243895 -7.77836e-05 0.00103261
0.00130611 -0.000524225 0.00123265 1.61206e-05 -0.000163144
0.00060267 -0.000403254 0.00015197 0.000271734 -8.7881e-05
0.000685753 3.59276e-05 -0.000952341 0.000859537 0.000830003
0.000410112 0.000246615 0.00130815 0.000692486 -0.000364974
-0.0011566 0.000936461 -0.000246939 -0.000102191 -0.000780825
0.000356293 -0.000237969 -0.000969479 0.00122171 0.00135095
4.78468 3.02935 0.794001 -1.90638 -6.7001
-0.000614295 -0.000624093 -0.000670822 -0.000164871 0.000352558
-5.31505 -1.54553 0.305165 2.29602 4.26015

Bias: 
0.374858 0.954846 0 0.0700831 0.405081 0.424289 0 0 0 0 0.31529 0 -0.000104913 0.121052 0.228936 0.600366 0.417969 0 0.383958 0 0.121899 0.0953187 0 0.71548 0.264768 0 0.167174 0.335729 0 0.0124932 0.261164 0.398245 -0.000433715 0.243461 0.318433 0.220965 0 0 -0.000288248 0 0 0 0 0 0 0 0 0.426441 -0.000255083 0.427327

-2.10628 0.664569 3.64798 -0.110231 -2.09604

End File