Neural Network with [3] layers: 5 50 5
Loss: 0.216896, Accuracy: 100%, stepSize: 0.1, reg: 0.0001
Weights: 
0.924429 4.37647 -0.000315322 -0.494921 2.61094 2.1353 0.00111061 -0.000464915 -0.000684684 -0.0011566 -0.189442 -0.000901112 0.00109527 0.0870209 1.61208 2.93991 3.02965 0.000350632 1.01614 0.000936461 -0.747296 0.281886 0.00123252 -5.14324 -4.676 0.000567914 0.00104746 1.53981 0.000243895 -0.263965 -1.53092 2.64433 -0.000673802 1.3279 -4.03495 0.878759 -0.000406725 -0.000770731 -7.45304e-05 -0.000102191 0.000511511 -2.26657 0.000208035 0.000583674 0.00104486 -2.99273e-05 0.000990327 0.00132455 0.00103261 1.38274
0.260554 1.32934 5.25539e-05 -0.239415 0.802402 0.657017 0.000709686 0.00035901 0.00130611 0.000356293 -0.201642 -3.54379e-05 1.2242e-05 -0.0326354 0.344555 0.915423 0.865646 0.000639384 0.287568 -0.000237969 -0.367618 0.114516 0.000672048 -2.04841 -1.74896 0.00118525 0.000411574 0.522555 0.00123265 -0.14493 -0.58913 0.831234 -5.723e-05 0.293015 -1.49226 0.204449 -0.00012857 0.000486099 1.89348e-05 0.00122171 0.000547308 -0.727449 0.00101959 0.000813953 6.76329e-05 0.000453853 0.00105566 -0.000769963 -0.000163144 0.482996
0.144749 0.73731 0.000895817 -0.141312 0.446251 0.364513 -0.000642963 0.000694021 0.00060267 0.00104128 -0.119618 0.00107778 4.40971e-05 -0.0206166 0.188137 0.505022 0.479965 0.000610118 0.158099 0.00092436 -0.21519 0.0625983 0.000147741 -1.20218 -1.02582 -0.000703978 -0.000946431 0.291293 0.00015197 -0.0837497 -0.347057 0.463518 -0.000290614 0.157315 -0.876967 0.112797 0.000837016 0.00110682 0.000275898 0.000359281 0.00131855 -0.426505 -0.000161783 0.000559025 -9.92736e-05 0.000492748 0.000118954 -0.000146097 -8.7881e-05 0.266747
-0.0557069 -0.277302 -0.00125976 0.0567514 -0.171744 -0.134732 -0.00122487 0.00132908 0.000685753 -0.000615201 0.03939 0.00110733 -0.00048982 0.00316889 -0.0901436 -0.186437 -0.195066 0.00135187 -0.0602749 -0.000624384 0.0866416 -0.0214055 0.0010576 0.564398 0.491718 -0.000863712 0.000490846 -0.108964 -0.000952341 0.0315048 0.162716 -0.176153 -0.000804844 -0.0658884 0.424659 -0.0542747 0.00116828 -0.00067633 0.000858802 -0.000164213 0.00122996 0.222111 0.000621766 0.000654247 -0.00117688 -0.000813209 -0.000976583 -0.000498753 0.000830003 -0.0923114
2.50226 12.4846 -0.00120864 -2.05363 7.50348 6.14636 0.000638998 -0.000364485 0.000410112 -0.000172114 -1.5607 -0.00118941 0.00131718 -0.165939 3.59553 8.51126 8.28401 0.00105174 2.76029 -0.000229 -3.13314 1.00725 0.000337927 -18.2565 -15.8058 -0.000493862 -0.000309063 4.76824 0.00130815 -1.19611 -5.31835 7.73235 -0.00127609 3.02749 -13.5398 2.089 0.000409883 0.000976732 0.000689702 0.000878851 0.000950774 -6.84968 0.00099916 -0.00130166 0.000577666 0.00112769 -0.000134394 3.96784e-05 -0.000364974 4.36003

-1.86106 -0.645556 0.0080214 0.898428 1.60005
-9.10885 -3.38655 0.0152004 4.51697 7.96388
0.000691841 -0.00070976 -0.000575948 -0.00101221 0.00131855
1.27448 0.717864 0.100527 -0.728888 -1.36516
-5.43417 -2.05192 -0.0286178 2.69371 4.82023
-4.48154 -1.68064 0.0209832 2.23552 3.90399
-0.001226 -3.64931e-05 0.000818515 -0.00101037 0.000101299
0.000484129 0.00107633 -0.00126387 0.000409395 3.907e-05
0.000485298 0.00110759 9.32446e-05 0.000329224 -0.00107338
0.00117657 -0.00118941 -4.11383e-06 0.000820321 -0.000232697
0.847893 0.674959 0.0725069 -0.597755 -0.996067
5.2798e-05 1.2181e-05 0.000671987 -6.38526e-05 0.00101918
0.000895817 4.40971e-05 0.000147741 -0.000299591 -0.000162296
0.021116 0.145607 0.00392014 -0.089758 -0.0817589
-2.82992 -0.733282 -0.0353497 1.19965 2.39907
-6.18974 -2.33941 0.0262956 3.09583 5.40968
-6.08279 -2.16224 -0.0553271 2.9314 5.36848
-0.0013325 -0.00110775 -0.000777489 -0.000968934 0.000559025
-2.05309 -0.713154 0.0131846 0.996103 1.7603
-0.00117242 -0.00115372 -0.00100031 -0.000242754 -0.00130166
1.93787 1.10118 0.154937 -1.1119 -2.08337
-0.685289 -0.322008 -0.00235263 0.379273 0.63107
0.000240831 -0.000603368 -0.00134522 -0.00110385 -9.92736e-05
11.6237 5.8827 1.18254 -6.13712 -12.5519
10.2077 4.9382 1.03044 -5.2611 -10.9161
7.28875e-05 -9.62337e-05 0.000567914 -0.000364484 -2.99273e-05
-0.00110442 0.00119359 0.00118525 -0.000668394 0.000453853
-3.36932 -1.38732 -0.0247598 1.73346 3.04594
-0.000227363 0.000707835 -0.000863712 0.000766405 -0.000813209
0.731061 0.436106 0.0513138 -0.43207 -0.784622
3.41107 1.68984 0.344586 -1.78439 -3.65748
-5.5738 -2.1459 -0.0217459 2.79054 4.95194
-0.000639162 -0.0013092 -0.000947311 0.000834411 0.000116641
-2.40408 -0.634022 0.025892 1.05347 1.95871
8.74701 4.21072 0.908542 -4.48586 -9.37881
-1.5914 -0.466399 -0.0414589 0.698254 1.40114
0.000358996 0.00063937 -7.09655e-07 0.000486124 -0.000769951
0.000694021 0.000610118 -0.000954015 0.00110682 -0.000146097
0.00132874 0.00135158 0.000236016 -0.000676151 -0.000498337
-0.000364485 0.00105174 0.000935362 0.000976732 3.96784e-05
-0.000684684 -0.000722156 0.000243895 -7.77836e-05 0.00103261
4.55105 1.97416 0.497144 -2.20081 -4.81967
0.000602657 -0.000403267 0.000151956 0.00027172 -8.78267e-05
0.000685753 3.59276e-05 -0.000952341 0.000859537 0.000830003
0.000410112 0.000246615 0.00130815 0.000692486 -0.000364974
-0.0011566 0.000936461 -0.000246939 -0.000102191 -0.000780825
0.000356293 -0.000237969 -0.000969479 0.00122171 0.00135095
0.00104128 0.00092436 0.00017566 0.000359281 -0.000937581
-0.000615201 -0.000624384 -0.000670914 -0.000164213 0.00035319
-3.09523 -1.2837 0.022841 1.61833 2.73853

Bias: 
0.549151 2.49736 0 0.13647 1.33191 1.27329 0 0 0 0 0.189672 -0.000109812 0 0.0650581 0.75811 1.7312 1.46989 0 0.621836 0 0.221132 0.14974 0 1.95355 1.59105 0 0 0.752756 0 0.068197 0.536986 1.37574 -0.000672214 0.854188 1.4445 0.32703 -6.35267e-05 0 -0.000329384 0 0 0.743469 -4.03259e-05 0 0 0 0 0 0 0.854447

-2.09904 0.868211 2.11125 1.11296 -1.99338

End File