Neural Network with [3] layers: 5 50 5
Loss: 0.188567, Accuracy: 100%, stepSize: 0.1, reg: 0.0001
Weights: 
1.09431 3.92098 -0.000315322 0.148857 0.561731 1.47964 0.00111061 -1.82605 -0.000682758 -8.4768 0.000721316 -0.000885497 0.00109527 1.18534 6.02033 3.71678 4.14681 0.000350632 3.06965 0.000936461 1.26854 1.29443 0.00123252 4.51543 -4.47481 0.000567914 0.00104746 -1.7024 0.000243895 -0.00323597 1.9253 -1.0622 -2.00168 0.0010872 2.12592 1.86479 -2.04792 -0.807112 -6.88846e-05 -0.000102191 0.000511511 -3.75694 0.000207647 0.000583674 0.00104486 -2.92281e-05 0.000990327 0.00132455 0.00103261 0.942049
0.0511428 -0.183243 5.25539e-05 0.107595 -1.32197 -0.0378896 0.000709686 -0.598746 0.00130694 -3.8272 -6.0273e-05 -2.96162e-05 1.2242e-05 0.705372 2.42024 0.607081 0.14868 0.000639384 0.942873 -0.000237969 0.851137 0.180032 0.000672048 4.06905 -1.2659 0.00118525 0.000411574 -2.18896 0.00123265 -0.293298 1.54672 -1.93889 -0.951479 -0.000198948 2.29353 0.0884088 -0.658655 -0.887496 2.04784e-05 0.00122171 0.000547308 -1.06472 0.00101924 0.000813953 6.76329e-05 0.000454131 0.00105566 -0.000769963 -0.000163144 -0.374184
-0.824751 -3.13047 0.000895817 -0.0848588 -1.06813 -1.16094 -0.000642963 1.1615 0.000603826 4.82512 -0.00070976 0.00108523 4.40971e-05 -0.5714 -3.54605 -2.60427 -3.15559 0.000610118 -1.93832 0.00092436 -0.713478 -0.923487 0.000147741 -1.38303 2.965 -0.000703978 -0.000946431 0.282727 0.00015197 -0.137716 -0.712723 -0.0903467 1.11434 -0.000968934 -0.439541 -1.41219 1.3207 0.206211 0.000277783 0.000359281 0.00131855 2.50459 -0.000162296 0.000559025 -9.92736e-05 0.000493128 0.000118954 -0.000146097 -8.7881e-05 -0.913178
-0.0820749 -0.311161 -0.00125976 0.00363538 -0.110459 -0.123339 -0.00122487 0.0624339 0.000685554 0.336314 -0.000609255 0.00110566 -0.00048982 -0.0762668 -0.31546 -0.243732 -0.300507 0.00135187 -0.179596 -0.000624384 0.0117087 -0.0848522 0.0010576 -0.438804 0.115925 -0.000863712 0.000490846 0.00520614 -0.000952341 -0.0148148 -0.147618 -0.034294 0.0799553 0.0012112 -0.245172 -0.130037 0.0514238 0.0115522 0.000858519 -0.000164213 0.00122996 0.0714948 0.000621853 0.000654247 -0.00117688 -0.000813225 -0.000976583 -0.000498753 0.000830003 -0.0898602
2.39917 10.7567 -0.00120864 -0.179554 9.23522 3.79401 0.000638998 -1.4554 0.000409242 0.571853 -0.000380924 -0.00118995 0.00131718 -1.48531 0.738751 5.68931 9.45374 0.00105174 2.06642 -0.000229 -1.32983 2.17923 0.000337927 -16.0774 -5.20132 -0.000493862 -0.000309063 8.65284 0.00130815 1.73681 -5.20271 8.70749 0.447958 -0.000242754 -10.3766 4.16722 -1.90278 3.23032 0.000686293 0.000878851 0.000950774 -4.60477 0.000999478 -0.00130166 0.000577666 0.00112741 -0.000134394 3.96784e-05 -0.000364974 4.5711

-2.01879 -0.417576 -0.0540172 0.857699 1.63257
-8.21963 -2.72124 -0.0480509 3.78598 7.20359
0.000691841 -0.00070976 -0.000575948 -0.00101221 0.00131855
-0.0699632 0.22258 -0.135822 -0.0191627 0.0011933
-4.6851 -4.74947 0.504162 3.06214 5.86751
-2.99048 -0.884256 -0.0165727 1.35638 2.53323
-0.001226 -3.64931e-05 0.000818515 -0.00101037 0.000101299
2.14174 -0.793424 0.392675 -0.491345 -1.2489
0.000485302 0.00110759 9.32361e-05 0.000329216 -0.00107336
6.75086 -7.73139 2.01111 -0.127006 -0.903005
-0.000315322 0.00109527 0.00123252 -0.000682511 0.000207647
5.98532e-05 1.21795e-05 0.000671908 -6.71226e-05 0.00101548
0.000895817 4.40971e-05 0.000147741 -0.000299591 -0.000162296
-0.356723 1.84102 -0.268091 -0.360474 -0.856603
-5.41841 4.78499 -1.16625 0.622012 1.17783
-5.72376 -0.0136493 -0.373342 2.09005 4.02336
-7.80406 -1.77844 -0.206712 3.35261 6.43612
-0.0013325 -0.00110775 -0.000777489 -0.000968934 0.000559025
-3.5273 1.47944 -0.481737 0.86568 1.66727
-0.00117242 -0.00115372 -0.00100031 -0.000242754 -0.00130166
-0.645932 1.80138 -0.955374 -0.199737 -0.00161506
-2.08219 -0.115638 -0.120829 0.791142 1.52821
0.000240831 -0.000603368 -0.00134522 -0.00110385 -9.92736e-05
3.0939 12.7101 -1.11467 -4.30917 -10.3802
5.93304 -1.05795 0.972921 -1.65152 -4.19734
7.28875e-05 -9.62337e-05 0.000567914 -0.000364484 -2.99273e-05
-0.00110442 0.00119359 0.00118525 -0.000668394 0.000453853
-2.52204 -6.38038 0.941092 2.74641 5.21292
-0.000227363 0.000707835 -0.000863712 0.000766405 -0.000813209
-0.787558 -0.986063 0.11458 0.567462 1.09337
0.634835 4.53331 -0.503556 -1.40652 -3.25444
-3.09133 -5.86382 0.829695 2.81459 5.3119
1.45577 -2.00026 0.485463 0.0651668 -0.00807972
-0.00122487 0.000510088 0.000490846 0.0011684 -0.000976583
2.65783 7.52254 -0.554862 -2.82553 -6.79837
-3.46625 -0.747914 -0.108789 1.47131 2.85178
2.50045 -0.754352 0.473473 -0.600991 -1.61786
-0.794749 -2.52911 0.383173 1.01425 1.92775
0.00132846 0.00135102 0.000235417 -0.000675897 -0.000497142
-0.000364485 0.00105174 0.000935362 0.000976732 3.96784e-05
-0.000684684 -0.000722156 0.000243895 -7.77836e-05 0.00103261
5.05746 -0.776316 0.869146 -1.41289 -3.73553
0.00060267 -0.000403254 0.00015197 0.000271734 -8.7881e-05
0.000685753 3.59276e-05 -0.000952341 0.000859537 0.000830003
0.000410112 0.000246615 0.00130815 0.000692486 -0.000364974
-0.00115661 0.000936457 -0.000246943 -0.000102195 -0.000780809
0.000356293 -0.000237969 -0.000969479 0.00122171 0.00135095
0.00104128 0.00092436 0.00017566 0.000359281 -0.000937581
-0.000615201 -0.000624384 -0.000670914 -0.000164213 0.00035319
-2.87873 -1.77681 0.115596 1.55666 2.98404

Bias: 
0.316816 1.28512 0 0.0288016 0.657018 0.547638 0 0.195528 -8.44569e-05 0.042602 0 -0.000700286 0 0.35865 1.0199 0.826554 1.12697 0 0.525353 0 0.238649 0.287019 0 3.29634 0.867625 0 0 0.400517 0 0.0962044 0.914383 0.541671 -0.0143303 0 2.04768 0.457603 0.413071 0.117745 -0.000417308 0 0 0.994958 0 0 0 -3.01942e-05 0 0 0 0.412254

-1.89726 0.398063 1.80942 1.69783 -2.00805

End File