[-13.7085075378418, -0.426114082336426, 1.49714827537537]::(221.0, 57.0, 196.0, 261.0)::(50.0, 13.0)->(0, 0)
[-15.8355722427368, -1.5677615404129, 1.58456993103027]::(221.0, 57.0, 196.0, 261.0)::(50.0, 13.0)->(0, 0)
[-15.1396760940552, 0.192024528980255, 1.48793458938599]::(221.0, 57.0, 196.0, 261.0)::(58.0, 15.0)->(0, 0)
[-15.3964233398438, -0.44999697804451, 1.38439881801605]::(221.0, 57.0, 196.0, 261.0)::(58.0, 15.0)->(0, 0)
[-13.0700216293335, 0.0834728330373764, 1.33782136440277]::(228.0, 60.0, 181.0, 241.0)::(48.0, 13.0)->(0, 0)
[-15.3356122970581, 0.311044365167618, 1.12717199325562]::(223.0, 54.0, 196.0, 261.0)::(58.0, 15.0)->(0, 0)
[-16.2827262878418, -0.130148008465767, 1.42473387718201]::(228.0, 57.0, 187.0, 249.0)::(57.0, 14.0)->(0, 0)
[-15.9702072143555, -0.667680501937866, 1.2980922460556]::(228.0, 57.0, 187.0, 249.0)::(55.0, 14.0)->(0, 0)
[-16.3361015319824, -0.252092957496643, 1.26309835910797]::(228.0, 57.0, 187.0, 249.0)::(52.0, 14.0)->(0, 0)
[-15.2674074172974, -0.794988930225372, 1.44874250888824]::(222.0, 56.0, 196.0, 261.0)::(55.0, 14.0)->(0, 0)
[-19.2650451660156, -1.45615446567535, 1.82754027843475]::(220.0, 51.0, 200.0, 266.0)::(75.0, 15.0)->(1, 0)
[-16.7647724151611, -1.02101814746857, 1.73089289665222]::(220.0, 51.0, 200.0, 266.0)::(75.0, 15.0)->(1, 0)
[-19.8962059020996, -1.60096549987793, 2.50493431091309]::(220.0, 51.0, 200.0, 266.0)::(75.0, 15.0)->(1, 0)
[-17.545051574707, -0.235692173242569, 1.39517605304718]::(220.0, 51.0, 200.0, 266.0)::(75.0, 15.0)->(1, 0)
[-20.0805931091309, -1.15449690818787, 2.17451167106628]::(220.0, 51.0, 200.0, 266.0)::(75.0, 15.0)->(1, 0)
[-15.7714977264404, -0.344729214906693, 1.53744280338287]::(220.0, 51.0, 200.0, 266.0)::(75.0, 15.0)->(1, 0)
[-17.4306488037109, -0.77111279964447, 1.76222813129425]::(220.0, 51.0, 200.0, 266.0)::(73.0, 15.0)->(1, 0)
[-18.3940677642822, -0.405822545289993, 1.58635199069977]::(226.0, 55.0, 190.0, 253.0)::(75.0, 15.0)->(1, 0)
[-15.2311563491821, -0.547361612319946, 1.33899486064911]::(218.0, 56.0, 199.0, 265.0)::(73.0, 15.0)->(1, 0)
[-16.4742069244385, -0.458944648504257, 1.63614511489868]::(218.0, 56.0, 199.0, 265.0)::(73.0, 15.0)->(1, 0)
[-14.2021350860596, -1.12340140342712, 1.32947194576263]::(224.0, 54.0, 195.0, 260.0)::(92.0, 16.0)->(2, 0)
[-14.4759359359741, -1.05497646331787, 1.55039691925049]::(224.0, 54.0, 195.0, 260.0)::(92.0, 16.0)->(2, 0)
[-16.7546710968018, -1.53603672981262, 1.46514785289764]::(231.0, 56.0, 185.0, 246.0)::(92.0, 16.0)->(2, 0)
[-17.8403759002686, -1.60929119586945, 1.6750910282135]::(231.0, 56.0, 185.0, 246.0)::(92.0, 16.0)->(2, 0)
[-16.2169361114502, -1.22232866287231, 1.26576495170593]::(215.0, 52.0, 202.0, 269.0)::(92.0, 16.0)->(2, 0)
[-16.6829319000244, -1.53074383735657, 1.26338875293732]::(229.0, 56.0, 184.0, 245.0)::(90.0, 16.0)->(2, 0)
[-16.2511501312256, -1.38563990592957, 1.4358686208725]::(229.0, 56.0, 184.0, 245.0)::(92.0, 16.0)->(2, 0)
[-18.861307144165, -1.56453573703766, 1.53215551376343]::(229.0, 56.0, 184.0, 245.0)::(92.0, 16.0)->(2, 0)
[-14.4112911224365, -0.284929841756821, 1.0217319726944]::(231.0, 57.0, 183.0, 244.0)::(82.0, 15.0)->(2, 0)
[-17.958553314209, -1.50401365756989, 1.82261121273041]::(231.0, 57.0, 183.0, 244.0)::(82.0, 15.0)->(2, 0)
[-15.6951704025269, -1.56350922584534, 1.11782169342041]::(225.0, 56.0, 194.0, 258.0)::(115.0, 17.0)->(3, 0)
[-16.8800601959229, -1.2665741443634, 0.773616373538971]::(225.0, 56.0, 194.0, 258.0)::(112.0, 17.0)->(3, 0)
[-16.5687103271484, -1.57641649246216, 1.32077956199646]::(225.0, 56.0, 194.0, 258.0)::(112.0, 17.0)->(3, 0)
[-17.7028255462646, -1.13590586185455, 1.03463673591614]::(233.0, 57.0, 180.0, 240.0)::(112.0, 17.0)->(3, 0)
[-14.5305089950562, -1.24958276748657, 0.957508862018585]::(227.0, 55.0, 189.0, 252.0)::(112.0, 17.0)->(3, 0)
[-15.3176879882812, -0.610521733760834, 1.05767440795898]::(227.0, 55.0, 189.0, 252.0)::(112.0, 17.0)->(3, 0)
[-15.5724935531616, -0.547852039337158, 0.928314685821533]::(227.0, 55.0, 189.0, 252.0)::(112.0, 17.0)->(3, 0)
[-16.4366855621338, -1.02597153186798, 1.29626703262329]::(232.0, 59.0, 178.0, 237.0)::(112.0, 17.0)->(3, 0)
[-16.6881237030029, -1.44088542461395, 0.993142366409302]::(232.0, 59.0, 178.0, 237.0)::(112.0, 17.0)->(3, 0)
[-15.3843269348145, 0.0782127380371094, 1.15090715885162]::(225.0, 53.0, 191.0, 254.0)::(112.0, 17.0)->(3, 0)
[-13.0010509490967, 0.0500776283442974, 0.547048389911652]::(231.0, 61.0, 178.0, 237.0)::(112.0, 16.0)->(4, 0)
[-19.2005729675293, -1.17150986194611, 0.801718413829803]::(230.0, 53.0, 189.0, 252.0)::(124.0, 16.0)->(4, 0)
[-16.7337856292725, -0.863612115383148, -0.00402730703353882]::(235.0, 61.0, 178.0, 237.0)::(121.0, 16.0)->(4, 0)
[-14.0432386398315, -0.947354853153229, 0.339078217744827]::(235.0, 61.0, 178.0, 237.0)::(121.0, 16.0)->(4, 0)
[-14.8468608856201, -0.848059952259064, 0.285906046628952]::(235.0, 61.0, 178.0, 237.0)::(121.0, 16.0)->(4, 0)
[-19.4242191314697, -1.47790884971619, 1.14696621894836]::(227.0, 53.0, 189.0, 252.0)::(123.0, 16.0)->(4, 0)
[-14.4598264694214, -0.471173942089081, 0.46589457988739]::(232.0, 60.0, 180.0, 240.0)::(123.0, 16.0)->(4, 0)
[-15.7855386734009, -1.49584090709686, 1.00544941425323]::(228.0, 54.0, 191.0, 254.0)::(121.0, 16.0)->(4, 0)
[-16.9568405151367, -1.33257627487183, 1.06206095218658]::(228.0, 54.0, 191.0, 254.0)::(123.0, 16.0)->(4, 0)
[-16.2668762207031, -1.2369464635849, 0.834359169006348]::(234.0, 57.0, 180.0, 240.0)::(123.0, 16.0)->(4, 0)
[-15.8909616470337, 14.2459402084351, 0.464147806167603]::(228.0, 51.0, 188.0, 250.0)::(51.0, 12.0)->(0, 0)
[-15.0271663665771, 13.381311416626, 0.92217344045639]::(228.0, 51.0, 188.0, 250.0)::(53.0, 12.0)->(0, 0)
[-17.4327735900879, 13.9193267822266, 0.298275321722031]::(228.0, 51.0, 188.0, 250.0)::(54.0, 11.0)->(0, 0)
[-14.9135694503784, 13.9628019332886, 1.27221882343292]::(232.0, 53.0, 175.0, 233.0)::(54.0, 11.0)->(0, 0)
[-16.4765129089355, 14.246395111084, 0.265926986932755]::(230.0, 50.0, 186.0, 248.0)::(54.0, 11.0)->(0, 0)
[-16.6158390045166, 14.1778287887573, 0.366049468517303]::(230.0, 50.0, 186.0, 248.0)::(54.0, 11.0)->(0, 0)
[-15.9919195175171, 14.7126817703247, 0.0942348837852478]::(230.0, 50.0, 186.0, 248.0)::(54.0, 11.0)->(0, 0)
[-16.1333160400391, 14.8685894012451, -0.087885282933712]::(230.0, 50.0, 186.0, 248.0)::(54.0, 11.0)->(0, 0)
[-15.1095008850098, 14.566201210022, 0.607419729232788]::(230.0, 50.0, 186.0, 248.0)::(54.0, 11.0)->(0, 0)
[-14.2784881591797, 14.7096147537231, 0.633853554725647]::(224.0, 46.0, 198.0, 264.0)::(54.0, 11.0)->(0, 0)
[-15.9192981719971, 14.4717798233032, 0.521438300609589]::(228.0, 49.0, 188.0, 250.0)::(63.0, 14.0)->(1, 0)
[-15.8524885177612, 14.3350849151611, 0.576897740364075]::(228.0, 49.0, 188.0, 250.0)::(60.0, 14.0)->(1, 0)
[-15.5527181625366, 14.8869953155518, 0.988348424434662]::(233.0, 52.0, 179.0, 238.0)::(60.0, 14.0)->(1, 0)
[-14.3290233612061, 13.6296463012695, 1.29730439186096]::(233.0, 52.0, 179.0, 238.0)::(60.0, 14.0)->(1, 0)
[-13.8842792510986, 14.4229402542114, 1.06764590740204]::(233.0, 52.0, 179.0, 238.0)::(60.0, 14.0)->(1, 0)
[-16.6011390686035, 13.5095071792603, 1.19222903251648]::(233.0, 52.0, 179.0, 238.0)::(60.0, 14.0)->(1, 0)
[-15.9100875854492, 13.431471824646, 1.21867680549622]::(225.0, 50.0, 187.0, 249.0)::(60.0, 14.0)->(1, 0)
[-14.7813692092896, 13.7996520996094, 1.06920528411865]::(225.0, 50.0, 187.0, 249.0)::(60.0, 14.0)->(1, 0)
[-14.5860538482666, 14.2328414916992, 0.876956045627594]::(225.0, 50.0, 187.0, 249.0)::(60.0, 14.0)->(1, 0)
[-14.853533744812, 13.6319847106934, 1.14246559143066]::(225.0, 50.0, 187.0, 249.0)::(60.0, 14.0)->(1, 0)
[-17.1507453918457, 13.2411813735962, 0.755603551864624]::(228.0, 50.0, 185.0, 246.0)::(65.0, 14.0)->(2, 0)
[-16.6852016448975, 13.6306095123291, 1.07067358493805]::(228.0, 50.0, 185.0, 246.0)::(78.0, 14.0)->(2, 0)
[-15.0332193374634, 13.6259498596191, 1.08342182636261]::(228.0, 50.0, 185.0, 246.0)::(78.0, 14.0)->(2, 0)
[-16.1928882598877, 13.1360626220703, 0.728947222232819]::(228.0, 50.0, 185.0, 246.0)::(78.0, 14.0)->(2, 0)
[-16.4350757598877, 13.2745628356934, 0.558698356151581]::(228.0, 50.0, 185.0, 246.0)::(67.0, 13.0)->(2, 0)
[-14.9910192489624, 13.3477907180786, 0.784267783164978]::(228.0, 50.0, 185.0, 246.0)::(70.0, 13.0)->(2, 0)
[-15.6410579681396, 13.4958972930908, 0.717638492584229]::(228.0, 50.0, 185.0, 246.0)::(70.0, 13.0)->(2, 0)
[-15.6148853302002, 13.1072158813477, 0.864669859409332]::(225.0, 46.0, 194.0, 258.0)::(70.0, 13.0)->(2, 0)
[-16.3782730102539, 14.0070514678955, 0.34326046705246]::(225.0, 46.0, 194.0, 258.0)::(70.0, 13.0)->(2, 0)
[-16.3404674530029, 13.9769506454468, 0.595263838768005]::(225.0, 46.0, 194.0, 258.0)::(70.0, 13.0)->(2, 0)
[-14.8310489654541, 14.0289258956909, 0.42212775349617]::(228.0, 47.0, 188.0, 250.0)::(102.0, 13.0)->(3, 0)
[-17.1508483886719, 13.8635587692261, 0.303272873163223]::(228.0, 47.0, 188.0, 250.0)::(102.0, 13.0)->(3, 0)
[-15.6722259521484, 13.6953430175781, 0.710275173187256]::(228.0, 47.0, 188.0, 250.0)::(100.0, 13.0)->(3, 0)
[-15.7441310882568, 13.6529378890991, 0.525143206119537]::(228.0, 47.0, 188.0, 250.0)::(100.0, 13.0)->(3, 0)
[-16.4582653045654, 13.3858480453491, 0.254606604576111]::(228.0, 47.0, 188.0, 250.0)::(100.0, 13.0)->(3, 0)
[-15.6836528778076, 14.0560970306396, 0.457648187875748]::(228.0, 47.0, 188.0, 250.0)::(102.0, 13.0)->(3, 0)
[-14.8933658599854, 13.9724340438843, 0.515130758285522]::(228.0, 47.0, 188.0, 250.0)::(102.0, 13.0)->(3, 0)
[-16.1687698364258, 13.0639209747314, 0.404605120420456]::(224.0, 45.0, 196.0, 261.0)::(102.0, 13.0)->(3, 0)
[-16.4898433685303, 12.2645177841187, 0.661420881748199]::(224.0, 45.0, 196.0, 261.0)::(102.0, 13.0)->(3, 0)
[-15.5993347167969, 14.0839576721191, 0.521374464035034]::(229.0, 49.0, 184.0, 245.0)::(102.0, 13.0)->(3, 0)
[-14.4650707244873, 12.205602645874, 1.05903708934784]::(230.0, 49.0, 181.0, 241.0)::(112.0, 15.0)->(4, 0)
[-15.6009140014648, 12.8745946884155, 0.735696852207184]::(230.0, 49.0, 181.0, 241.0)::(112.0, 15.0)->(4, 0)
[-15.3309917449951, 12.4551467895508, 0.928545773029327]::(230.0, 49.0, 181.0, 241.0)::(112.0, 15.0)->(4, 0)
[-15.0828542709351, 13.192892074585, 0.639893472194672]::(230.0, 49.0, 181.0, 241.0)::(112.0, 15.0)->(4, 0)
[-15.8348951339722, 12.8576507568359, 0.809407532215118]::(230.0, 49.0, 181.0, 241.0)::(112.0, 15.0)->(4, 0)
[-15.3349962234497, 12.6969385147095, 0.712040066719055]::(230.0, 49.0, 181.0, 241.0)::(112.0, 15.0)->(4, 0)
[-14.8753480911255, 13.2500228881836, 0.585084974765778]::(230.0, 49.0, 181.0, 241.0)::(112.0, 15.0)->(4, 0)
[-13.5332288742065, 12.9206991195679, 1.00356292724609]::(230.0, 49.0, 181.0, 241.0)::(115.0, 15.0)->(4, 0)
[-15.8242521286011, 12.5688848495483, 0.765480756759644]::(230.0, 49.0, 181.0, 241.0)::(112.0, 15.0)->(4, 0)
[-14.729248046875, 13.6130619049072, 0.577277958393097]::(236.0, 54.0, 172.0, 229.0)::(115.0, 15.0)->(4, 0)
[-11.8766317367554, 19.3534393310547, 0.640689313411713]::(228.0, 56.0, 190.0, 253.0)::(56.0, 13.0)->(0, 0)
[-11.2669610977173, 18.5916156768799, 0.224566802382469]::(228.0, 56.0, 190.0, 253.0)::(54.0, 13.0)->(0, 0)
[-10.2436943054199, 18.7279148101807, 1.20408284664154]::(226.0, 53.0, 199.0, 265.0)::(54.0, 13.0)->(0, 0)
[-9.98838520050049, 18.6376037597656, 1.13045990467072]::(226.0, 53.0, 199.0, 265.0)::(54.0, 13.0)->(0, 0)
[-9.54709625244141, 20.3169479370117, 1.21872103214264]::(226.0, 53.0, 199.0, 265.0)::(56.0, 13.0)->(0, 0)
[-9.07705116271973, 19.8180732727051, 1.14287745952606]::(231.0, 59.0, 187.0, 249.0)::(54.0, 13.0)->(0, 0)
[-9.94291877746582, 19.7264556884766, 1.22291707992554]::(223.0, 53.0, 199.0, 265.0)::(56.0, 13.0)->(0, 0)
[-9.48727989196777, 18.8615589141846, 1.56652700901031]::(223.0, 53.0, 199.0, 265.0)::(54.0, 13.0)->(0, 0)
[-8.85908603668213, 20.206392288208, 1.30140841007233]::(233.0, 58.0, 184.0, 245.0)::(54.0, 13.0)->(0, 0)
[-8.55008125305176, 20.6902675628662, 1.52882421016693]::(222.0, 51.0, 206.0, 274.0)::(54.0, 13.0)->(0, 0)
[-10.3460254669189, 19.6440963745117, 1.35782384872437]::(222.0, 55.0, 189.0, 252.0)::(55.0, 13.0)->(1, 0)
[-9.3414192199707, 20.3986568450928, 1.52053439617157]::(222.0, 55.0, 189.0, 252.0)::(55.0, 13.0)->(1, 0)
[-11.4087467193604, 20.1893863677979, 0.82873147726059]::(233.0, 62.0, 173.0, 230.0)::(54.0, 14.0)->(1, 0)
[-9.46661853790283, 20.077787399292, 1.36996030807495]::(228.0, 57.0, 183.0, 244.0)::(69.0, 13.0)->(1, 0)
[-10.5665302276611, 20.0661678314209, 1.18574357032776]::(223.0, 52.0, 195.0, 260.0)::(64.0, 13.0)->(1, 0)
[-10.7427158355713, 19.9814720153809, 1.27592539787292]::(224.0, 58.0, 185.0, 246.0)::(61.0, 13.0)->(1, 0)
[-11.4401369094849, 19.4717578887939, 0.78244012594223]::(224.0, 52.0, 195.0, 260.0)::(61.0, 13.0)->(1, 0)
[-10.9914588928223, 20.4098148345947, 1.22145557403564]::(224.0, 52.0, 195.0, 260.0)::(59.0, 13.0)->(1, 0)
[-10.99534034729, 19.9828014373779, 0.312146097421646]::(224.0, 52.0, 195.0, 260.0)::(59.0, 13.0)->(1, 0)
[-10.8717126846313, 20.9030132293701, 1.00176131725311]::(224.0, 52.0, 195.0, 260.0)::(59.0, 13.0)->(1, 0)
[-11.5715923309326, 20.1563110351562, 1.5645751953125]::(224.0, 54.0, 184.0, 245.0)::(79.0, 14.0)->(2, 0)
[-10.9395799636841, 19.5796318054199, 1.70324635505676]::(224.0, 54.0, 184.0, 245.0)::(79.0, 14.0)->(2, 0)
[-12.2867202758789, 20.0157909393311, 1.35525977611542]::(224.0, 54.0, 184.0, 245.0)::(76.0, 14.0)->(2, 0)
[-11.5076637268066, 19.8598823547363, 1.60503423213959]::(224.0, 54.0, 184.0, 245.0)::(79.0, 14.0)->(2, 0)
[-10.0085315704346, 20.8914394378662, 1.59614074230194]::(227.0, 62.0, 175.0, 233.0)::(76.0, 14.0)->(2, 0)
[-9.98050880432129, 21.180269241333, 1.89365291595459]::(227.0, 62.0, 175.0, 233.0)::(74.0, 14.0)->(2, 0)
[-10.6219816207886, 21.4844264984131, 1.63388419151306]::(227.0, 62.0, 175.0, 233.0)::(72.0, 14.0)->(2, 0)
[-11.1470460891724, 21.2102203369141, 1.71355330944061]::(227.0, 62.0, 175.0, 233.0)::(69.0, 14.0)->(2, 0)
[-10.8058910369873, 20.4633941650391, 1.9051787853241]::(227.0, 62.0, 175.0, 233.0)::(67.0, 14.0)->(2, 0)
[-11.8730850219727, 19.2189064025879, 1.94193184375763]::(226.0, 60.0, 187.0, 249.0)::(81.0, 15.0)->(2, 0)
[-15.2465076446533, 20.5842914581299, 0.223409160971642]::(231.0, 54.0, 179.0, 238.0)::(90.0, 15.0)->(3, 0)
[-13.4993486404419, 20.4568195343018, 0.70170259475708]::(231.0, 54.0, 179.0, 238.0)::(90.0, 15.0)->(3, 0)
[-16.0885410308838, 19.8293075561523, -0.165199637413025]::(231.0, 54.0, 179.0, 238.0)::(90.0, 15.0)->(3, 0)
[-14.5652980804443, 21.4384078979492, 0.751718521118164]::(225.0, 50.0, 189.0, 252.0)::(92.0, 15.0)->(3, 0)
[-14.4273357391357, 20.701265335083, 0.593112528324127]::(228.0, 54.0, 179.0, 238.0)::(95.0, 15.0)->(3, 0)
[-12.1347322463989, 21.6544895172119, 0.316853612661362]::(235.0, 57.0, 169.0, 225.0)::(95.0, 15.0)->(3, 0)
[-17.5089588165283, 21.8070411682129, -1.01331734657288]::(223.0, 43.0, 203.0, 270.0)::(95.0, 15.0)->(3, 0)
[-12.0317449569702, 21.9844093322754, 0.801407098770142]::(230.0, 49.0, 180.0, 240.0)::(97.0, 15.0)->(3, 0)
[-12.4959125518799, 21.2787246704102, 0.662997424602509]::(230.0, 49.0, 180.0, 240.0)::(97.0, 15.0)->(3, 0)
[-14.6837062835693, 21.1501274108887, -0.13704115152359]::(225.0, 48.0, 192.0, 256.0)::(100.0, 15.0)->(3, 0)
[-12.1707410812378, 20.9213333129883, 0.0885603800415993]::(236.0, 52.0, 176.0, 234.0)::(109.0, 15.0)->(4, 0)
[-12.8522529602051, 19.9438724517822, 0.411257147789001]::(234.0, 48.0, 184.0, 245.0)::(109.0, 15.0)->(4, 0)
[-14.0937843322754, 17.7396621704102, 1.0945200920105]::(227.0, 41.0, 205.0, 273.0)::(109.0, 15.0)->(4, 0)
[-15.4838132858276, 18.8684730529785, -0.148530766367912]::(227.0, 41.0, 205.0, 273.0)::(109.0, 15.0)->(4, 0)
[-12.7339134216309, 20.7313003540039, 0.443915873765945]::(235.0, 51.0, 174.0, 232.0)::(109.0, 15.0)->(4, 0)
[-11.5451965332031, 21.0225582122803, 0.786148130893707]::(235.0, 51.0, 174.0, 232.0)::(109.0, 15.0)->(4, 0)
[-12.5537433624268, 17.002908706665, 1.67156636714935]::(225.0, 49.0, 192.0, 256.0)::(109.0, 15.0)->(4, 0)
[-12.7246236801147, 16.0967216491699, 1.46532845497131]::(225.0, 49.0, 192.0, 256.0)::(109.0, 15.0)->(4, 0)
[-13.3938064575195, 16.8772430419922, 1.49980485439301]::(225.0, 49.0, 192.0, 256.0)::(109.0, 15.0)->(4, 0)
[-15.0260410308838, 16.767786026001, 1.39606380462646]::(225.0, 49.0, 192.0, 256.0)::(109.0, 15.0)->(4, 0)
[-6.46181917190552, -8.53071880340576, -0.952574372291565]::(240.0, 65.0, 181.0, 241.0)::(76.0, 18.0)->(0, 0)
[-9.93358516693115, -9.19154644012451, -0.71494597196579]::(232.0, 54.0, 197.0, 262.0)::(76.0, 18.0)->(0, 0)
[-6.3210301399231, -7.56664752960205, -1.38333070278168]::(238.0, 65.0, 175.0, 233.0)::(76.0, 18.0)->(0, 0)
[-6.12234497070312, -7.85857152938843, -1.53916990756989]::(238.0, 65.0, 175.0, 233.0)::(76.0, 18.0)->(0, 0)
[-7.37250900268555, -8.63361167907715, -1.41332697868347]::(232.0, 56.0, 190.0, 253.0)::(76.0, 18.0)->(0, 0)
[-6.02817583084106, -8.82751560211182, -0.656028628349304]::(238.0, 62.0, 181.0, 241.0)::(69.0, 16.0)->(0, 0)
[-6.57556867599487, -8.00493240356445, -1.07628798484802]::(238.0, 62.0, 181.0, 241.0)::(69.0, 16.0)->(0, 0)
[-5.97965145111084, -8.30243110656738, -1.07899081707001]::(238.0, 62.0, 181.0, 241.0)::(69.0, 16.0)->(0, 0)
[-4.90141725540161, -7.70241785049438, -1.24820005893707]::(238.0, 62.0, 181.0, 241.0)::(71.0, 16.0)->(0, 0)
[-3.15889525413513, -7.56777620315552, -1.72871100902557]::(238.0, 62.0, 181.0, 241.0)::(71.0, 16.0)->(0, 0)
[-5.78770971298218, -8.83338260650635, -1.34811186790466]::(235.0, 57.0, 186.0, 248.0)::(89.0, 17.0)->(1, 0)
[-4.5274863243103, -8.15417575836182, -1.49986267089844]::(235.0, 57.0, 186.0, 248.0)::(89.0, 17.0)->(1, 0)
[-7.02517938613892, -8.49136829376221, -1.53300642967224]::(244.0, 61.0, 177.0, 236.0)::(89.0, 17.0)->(1, 0)
[-7.34027051925659, -8.52574729919434, -1.269770860672]::(235.0, 56.0, 189.0, 252.0)::(92.0, 17.0)->(1, 0)
[-4.63731050491333, -7.97023677825928, -1.66603493690491]::(241.0, 61.0, 181.0, 241.0)::(92.0, 17.0)->(1, 0)
[-5.45464897155762, -8.25931644439697, -1.5586119890213]::(241.0, 61.0, 181.0, 241.0)::(92.0, 17.0)->(1, 0)
[-4.50133228302002, -8.38300704956055, -1.62759411334991]::(241.0, 61.0, 181.0, 241.0)::(92.0, 17.0)->(1, 0)
[-7.67764854431152, -9.45763874053955, -0.993517756462097]::(241.0, 61.0, 181.0, 241.0)::(92.0, 17.0)->(1, 0)
[-5.87920951843262, -8.12100410461426, -1.31570589542389]::(241.0, 61.0, 181.0, 241.0)::(89.0, 17.0)->(1, 0)
[-6.82508134841919, -9.30374908447266, -1.29229426383972]::(241.0, 61.0, 181.0, 241.0)::(92.0, 17.0)->(1, 0)
[-4.72967052459717, -8.70894336700439, -1.50530898571014]::(241.0, 60.0, 182.0, 242.0)::(102.0, 16.0)->(2, 0)
[-7.57071924209595, -8.89137554168701, -1.42175018787384]::(241.0, 60.0, 182.0, 242.0)::(102.0, 16.0)->(2, 0)
[-7.52543830871582, -8.37900829315186, -1.45761787891388]::(241.0, 60.0, 182.0, 242.0)::(102.0, 16.0)->(2, 0)
[-5.24744129180908, -7.91743850708008, -1.44279050827026]::(241.0, 60.0, 182.0, 242.0)::(102.0, 16.0)->(2, 0)
[-4.70954036712646, -8.20395660400391, -1.69586372375488]::(241.0, 60.0, 182.0, 242.0)::(102.0, 16.0)->(2, 0)
[-6.67999887466431, -8.51120662689209, -1.2055743932724]::(237.0, 56.0, 191.0, 254.0)::(102.0, 16.0)->(2, 0)
[-9.23593807220459, -8.97594356536865, -1.49182760715485]::(237.0, 56.0, 191.0, 254.0)::(102.0, 16.0)->(2, 0)
[-9.39115333557129, -8.27739810943604, -1.15935301780701]::(237.0, 56.0, 191.0, 254.0)::(102.0, 16.0)->(2, 0)
[-8.31599235534668, -8.34713268280029, -1.30107450485229]::(237.0, 56.0, 191.0, 254.0)::(102.0, 16.0)->(2, 0)
[-8.73414993286133, -8.89299011230469, -0.985589265823364]::(237.0, 56.0, 191.0, 254.0)::(105.0, 16.0)->(2, 0)
[-9.77011489868164, -9.60490798950195, -1.48630940914154]::(241.0, 58.0, 189.0, 252.0)::(120.0, 17.0)->(3, 0)
[-10.3020868301392, -9.57555675506592, -1.33959114551544]::(241.0, 58.0, 189.0, 252.0)::(120.0, 17.0)->(3, 0)
[-10.0438318252563, -9.28794384002686, -1.33783912658691]::(241.0, 58.0, 189.0, 252.0)::(120.0, 17.0)->(3, 0)
[-9.82961750030518, -8.79111862182617, -2.00772428512573]::(241.0, 58.0, 189.0, 252.0)::(120.0, 17.0)->(3, 0)
[-8.93979549407959, -9.64229869842529, -1.59207320213318]::(241.0, 58.0, 189.0, 252.0)::(120.0, 17.0)->(3, 0)
[-10.1831722259521, -8.96497535705566, -1.5208820104599]::(241.0, 58.0, 189.0, 252.0)::(120.0, 17.0)->(3, 0)
[-9.701904296875, -8.79016494750977, -1.4661819934845]::(241.0, 58.0, 189.0, 252.0)::(120.0, 17.0)->(3, 0)
[-8.53134441375732, -9.985671043396, -1.25808441638947]::(241.0, 58.0, 189.0, 252.0)::(120.0, 17.0)->(3, 0)
[-8.76729965209961, -8.87613964080811, -1.67414808273315]::(241.0, 58.0, 189.0, 252.0)::(120.0, 17.0)->(3, 0)
[-8.9620943069458, -8.99260425567627, -1.49577391147614]::(241.0, 58.0, 189.0, 252.0)::(120.0, 17.0)->(3, 0)
[-10.3354320526123, -8.90174293518066, -1.79223477840424]::(241.0, 58.0, 189.0, 252.0)::(147.0, 17.0)->(4, 0)
[-10.3358869552612, -9.27822399139404, -1.70495522022247]::(241.0, 58.0, 189.0, 252.0)::(147.0, 17.0)->(4, 0)
[-9.65517807006836, -9.6258544921875, -1.55082499980927]::(241.0, 58.0, 189.0, 252.0)::(147.0, 17.0)->(4, 0)
[-10.6040058135986, -9.28881740570068, -1.3664174079895]::(241.0, 58.0, 189.0, 252.0)::(147.0, 17.0)->(4, 0)
[-9.92309188842773, -9.4478178024292, -1.5621737241745]::(241.0, 58.0, 189.0, 252.0)::(147.0, 17.0)->(4, 0)
[-10.733024597168, -9.88738441467285, -1.53830015659332]::(241.0, 58.0, 189.0, 252.0)::(147.0, 17.0)->(4, 0)
[-10.7232799530029, -8.75113010406494, -1.57513844966888]::(241.0, 58.0, 189.0, 252.0)::(147.0, 17.0)->(4, 0)
[-8.85458946228027, -8.90291881561279, -2.18907189369202]::(241.0, 58.0, 189.0, 252.0)::(147.0, 17.0)->(4, 0)
[-9.50019073486328, -9.1371374130249, -1.87683081626892]::(241.0, 58.0, 189.0, 252.0)::(147.0, 17.0)->(4, 0)
[-8.97665023803711, -9.05704879760742, -2.00402116775513]::(241.0, 58.0, 189.0, 252.0)::(142.0, 16.0)->(4, 0)
[-6.14589166641235, -16.0325107574463, -2.4131453037262]::(225.0, 49.0, 202.0, 268.0)::(76.0, 17.0)->(0, 0)
[-8.90253448486328, -17.2188549041748, -1.17888808250427]::(225.0, 49.0, 202.0, 268.0)::(73.0, 17.0)->(0, 0)
[-8.6379280090332, -17.7544326782227, -1.62312376499176]::(225.0, 49.0, 202.0, 268.0)::(73.0, 17.0)->(0, 0)
[-6.55613374710083, -15.9921417236328, -2.06603312492371]::(225.0, 49.0, 202.0, 268.0)::(73.0, 17.0)->(0, 0)
[-9.16321086883545, -17.2329654693604, -1.06805050373077]::(225.0, 49.0, 202.0, 269.0)::(73.0, 17.0)->(0, 0)
[-7.49183034896851, -16.6789207458496, -1.21977365016937]::(225.0, 49.0, 202.0, 269.0)::(73.0, 17.0)->(0, 0)
[-9.89540004730225, -16.6303577423096, -1.49619507789612]::(225.0, 49.0, 202.0, 269.0)::(71.0, 17.0)->(0, 0)
[-7.70574760437012, -17.022274017334, -1.6267614364624]::(225.0, 49.0, 202.0, 269.0)::(73.0, 17.0)->(0, 0)
[-7.72731304168701, -16.6738777160645, -1.89739346504211]::(225.0, 49.0, 202.0, 269.0)::(73.0, 17.0)->(0, 0)
[-4.91351175308228, -16.4382667541504, -2.00444960594177]::(225.0, 49.0, 202.0, 269.0)::(73.0, 17.0)->(0, 0)
[-9.29930973052979, -17.0510139465332, -1.3013619184494]::(225.0, 56.0, 191.0, 256.0)::(102.0, 18.0)->(1, 0)
[-9.29744911193848, -17.0787792205811, -0.95832633972168]::(225.0, 56.0, 191.0, 256.0)::(91.0, 16.0)->(1, 0)
[-10.2786064147949, -17.0625171661377, -1.03308296203613]::(224.0, 56.0, 192.0, 256.0)::(94.0, 16.0)->(1, 0)
[-8.63518333435059, -16.7995071411133, -1.58423066139221]::(224.0, 56.0, 192.0, 256.0)::(91.0, 16.0)->(1, 0)
[-3.22090554237366, -15.0482692718506, -2.33703303337097]::(236.0, 78.0, 169.0, 227.0)::(91.0, 16.0)->(1, 0)
[-4.55671262741089, -15.526478767395, -1.91830599308014]::(236.0, 78.0, 169.0, 227.0)::(97.0, 16.0)->(1, 0)
[-4.39003133773804, -15.2656488418579, -2.41599035263062]::(236.0, 78.0, 169.0, 227.0)::(97.0, 16.0)->(1, 0)
[-3.84546995162964, -15.41233253479, -2.84712505340576]::(236.0, 78.0, 169.0, 227.0)::(91.0, 16.0)->(1, 0)
[-5.36615753173828, -15.2014207839966, -2.44842338562012]::(236.0, 78.0, 169.0, 227.0)::(97.0, 16.0)->(1, 0)
[-4.20567941665649, -15.7270879745483, -2.09274578094482]::(236.0, 78.0, 169.0, 227.0)::(97.0, 16.0)->(1, 0)
[-8.18453311920166, -16.5733890533447, -1.71918034553528]::(230.0, 64.0, 186.0, 249.0)::(113.0, 17.0)->(2, 0)
[-5.22876358032227, -15.9554195404053, -2.80170607566833]::(236.0, 65.0, 176.0, 236.0)::(113.0, 17.0)->(2, 0)
[-4.33881425857544, -16.0176086425781, -2.6669545173645]::(236.0, 65.0, 177.0, 236.0)::(113.0, 17.0)->(2, 0)
[-6.62311840057373, -16.6497783660889, -1.63909196853638]::(220.0, 70.0, 193.0, 257.0)::(115.0, 17.0)->(2, 0)
[-10.1741647720337, -17.2661590576172, -1.66108441352844]::(228.0, 65.0, 192.0, 256.0)::(113.0, 17.0)->(2, 0)
[-10.9690427780151, -17.1510257720947, -1.29598808288574]::(228.0, 65.0, 192.0, 256.0)::(113.0, 17.0)->(2, 0)
[-6.62737894058228, -16.0676441192627, -1.41185247898102]::(220.0, 70.0, 193.0, 257.0)::(113.0, 17.0)->(2, 0)
[-9.06924915313721, -16.8053855895996, -1.71425449848175]::(227.0, 62.0, 192.0, 256.0)::(113.0, 17.0)->(2, 0)
[-9.31491947174072, -16.2750492095947, -1.58768725395203]::(220.0, 70.0, 193.0, 257.0)::(107.0, 17.0)->(2, 0)
[-9.62710285186768, -16.5345134735107, -1.77915132045746]::(227.0, 67.0, 192.0, 255.0)::(107.0, 17.0)->(2, 0)
[-9.48995876312256, -15.4288787841797, -1.83283662796021]::(227.0, 67.0, 188.0, 250.0)::(138.0, 16.0)->(3, 0)
[-7.7665228843689, -15.4541349411011, -2.04946732521057]::(229.0, 65.0, 188.0, 250.0)::(135.0, 16.0)->(3, 0)
[-7.65509700775146, -15.5136308670044, -2.29647302627563]::(229.0, 65.0, 188.0, 250.0)::(135.0, 16.0)->(3, 0)
[-4.92845344543457, -15.8030376434326, -2.59506154060364]::(242.0, 64.0, 185.0, 249.0)::(125.0, 16.0)->(3, 0)
[-12.1987066268921, -17.1094779968262, -0.982437133789062]::(225.0, 62.0, 198.0, 264.0)::(138.0, 15.0)->(3, 0)
[-12.1842660903931, -17.6742935180664, -0.652924537658691]::(235.0, 58.0, 197.0, 262.0)::(138.0, 15.0)->(3, 0)
[-10.1107959747314, -16.3422069549561, -1.59945523738861]::(229.0, 69.0, 184.0, 245.0)::(135.0, 15.0)->(3, 0)
[-7.19506883621216, -15.3417797088623, -2.40538358688354]::(238.0, 65.0, 182.0, 241.0)::(135.0, 15.0)->(3, 0)
[-6.09791040420532, -16.1714096069336, -2.05172920227051]::(238.0, 64.0, 182.0, 242.0)::(138.0, 15.0)->(3, 0)
[-7.49687957763672, -15.3045721054077, -2.45819354057312]::(229.0, 69.0, 184.0, 245.0)::(138.0, 15.0)->(3, 0)
[-12.4957637786865, -17.8676147460938, -1.532071352005]::(230.0, 63.0, 193.0, 255.0)::(140.0, 16.0)->(4, 0)
[-10.9258003234863, -17.5801067352295, -1.70086264610291]::(230.0, 63.0, 193.0, 255.0)::(140.0, 16.0)->(4, 0)
[-11.2284317016602, -16.945291519165, -1.70398104190826]::(230.0, 63.0, 193.0, 255.0)::(140.0, 16.0)->(4, 0)
[-10.5305233001709, -16.7419147491455, -2.06167078018188]::(230.0, 63.0, 193.0, 255.0)::(140.0, 16.0)->(4, 0)
[-11.4140920639038, -17.0601272583008, -1.64137852191925]::(230.0, 63.0, 193.0, 255.0)::(140.0, 16.0)->(4, 0)
[-11.965404510498, -16.8893451690674, -1.66951084136963]::(231.0, 63.0, 193.0, 255.0)::(142.0, 16.0)->(4, 0)
[-11.513524055481, -17.3005828857422, -1.56871581077576]::(231.0, 63.0, 193.0, 255.0)::(142.0, 16.0)->(4, 0)
[-11.7328634262085, -17.1111354827881, -1.53117704391479]::(230.0, 63.0, 194.0, 255.0)::(142.0, 16.0)->(4, 0)
[-10.7466478347778, -16.8453731536865, -1.5185980796814]::(230.0, 63.0, 194.0, 255.0)::(142.0, 16.0)->(4, 0)
[-11.6816368103027, -16.7064533233643, -1.5786600112915]::(231.0, 62.0, 193.0, 256.0)::(142.0, 16.0)->(4, 0)
[-12.5568027496338, -0.908273220062256, 1.42037069797516]::(248.0, 85.0, 148.0, 197.0)::(51.0, 11.0)->(0, 0)
[-11.8776063919067, -2.05147337913513, 1.90236520767212]::(248.0, 85.0, 148.0, 197.0)::(51.0, 11.0)->(0, 0)
[-11.7106628417969, -1.46834468841553, 1.98294818401337]::(248.0, 85.0, 148.0, 197.0)::(54.0, 11.0)->(0, 0)
[-10.8535356521606, -0.6699098944664, 1.75625562667847]::(248.0, 85.0, 148.0, 197.0)::(51.0, 11.0)->(0, 0)
[-12.7907562255859, -0.929401874542236, 1.70771443843842]::(248.0, 85.0, 148.0, 197.0)::(54.0, 11.0)->(0, 0)
[-11.9602956771851, -0.607410490512848, 1.61326241493225]::(248.0, 85.0, 148.0, 197.0)::(54.0, 11.0)->(0, 0)
[-12.3706665039062, -1.58909595012665, 1.73113536834717]::(248.0, 85.0, 148.0, 197.0)::(54.0, 11.0)->(0, 0)
[-13.7919454574585, -1.14787483215332, 1.50379920005798]::(248.0, 85.0, 148.0, 197.0)::(54.0, 11.0)->(0, 0)
[-13.3369045257568, -0.865768134593964, 1.60540807247162]::(248.0, 85.0, 148.0, 197.0)::(51.0, 11.0)->(0, 0)
[-13.6769723892212, -2.27051138877869, 1.62797391414642]::(248.0, 85.0, 148.0, 197.0)::(51.0, 11.0)->(0, 0)
[-12.8418569564819, -0.660959780216217, 1.56606674194336]::(248.0, 84.0, 143.0, 190.0)::(63.0, 11.0)->(1, 0)
[-13.5622777938843, -0.856298625469208, 1.69946122169495]::(248.0, 84.0, 143.0, 190.0)::(63.0, 11.0)->(1, 0)
[-13.6211557388306, -0.831852197647095, 1.66050255298615]::(248.0, 84.0, 143.0, 190.0)::(63.0, 11.0)->(1, 0)
[-13.1332759857178, -0.993196308612823, 1.73193061351776]::(248.0, 84.0, 143.0, 190.0)::(66.0, 11.0)->(1, 0)
[-13.3675909042358, -1.03074896335602, 2.06229162216187]::(248.0, 84.0, 143.0, 190.0)::(66.0, 11.0)->(1, 0)
[-13.9746417999268, -0.805800259113312, 1.76590549945831]::(248.0, 84.0, 143.0, 190.0)::(66.0, 11.0)->(1, 0)
[-13.9343156814575, -1.39795196056366, 2.18424510955811]::(248.0, 84.0, 143.0, 190.0)::(66.0, 11.0)->(1, 0)
[-13.1746730804443, -0.555233418941498, 1.8349494934082]::(248.0, 84.0, 143.0, 190.0)::(66.0, 11.0)->(1, 0)
[-12.9501438140869, -0.682770848274231, 1.75706815719604]::(248.0, 84.0, 143.0, 190.0)::(66.0, 11.0)->(1, 0)
[-12.4658231735229, -0.885537385940552, 1.71058619022369]::(248.0, 84.0, 143.0, 190.0)::(63.0, 11.0)->(1, 0)
[-13.8886241912842, -1.33961546421051, 1.3196873664856]::(246.0, 79.0, 150.0, 200.0)::(87.0, 11.0)->(2, 0)
[-14.364447593689, -1.8335577249527, 1.31916546821594]::(246.0, 79.0, 150.0, 200.0)::(84.0, 11.0)->(2, 0)
[-14.3092737197876, -1.43119204044342, 1.53596520423889]::(246.0, 79.0, 150.0, 200.0)::(87.0, 11.0)->(2, 0)
[-14.80397605896, -1.6342853307724, 1.47348570823669]::(246.0, 79.0, 150.0, 200.0)::(81.0, 11.0)->(2, 0)
[-14.1070423126221, -1.21229696273804, 1.12432086467743]::(246.0, 79.0, 150.0, 200.0)::(81.0, 11.0)->(2, 0)
[-14.9032115936279, -1.34032464027405, 1.43996787071228]::(246.0, 79.0, 150.0, 200.0)::(87.0, 11.0)->(2, 0)
[-14.361927986145, -1.2215723991394, 1.45530152320862]::(246.0, 79.0, 150.0, 200.0)::(87.0, 11.0)->(2, 0)
[-13.6789703369141, -1.45195972919464, 1.32026183605194]::(246.0, 79.0, 150.0, 200.0)::(87.0, 11.0)->(2, 0)
[-15.4016618728638, -0.769122779369354, 1.27877926826477]::(246.0, 79.0, 150.0, 200.0)::(87.0, 11.0)->(2, 0)
[-14.5764636993408, -0.980570137500763, 1.62229597568512]::(246.0, 79.0, 150.0, 200.0)::(87.0, 11.0)->(2, 0)
[-13.7922716140747, -1.91276097297668, 1.65541744232178]::(246.0, 79.0, 150.0, 200.0)::(103.0, 11.0)->(3, 0)
[-14.3096752166748, -1.84943830966949, 1.27045822143555]::(246.0, 79.0, 150.0, 200.0)::(100.0, 11.0)->(3, 0)
[-14.3428888320923, -2.04725790023804, 1.74803423881531]::(246.0, 79.0, 150.0, 200.0)::(103.0, 11.0)->(3, 0)
[-13.7344598770142, -2.29116749763489, 1.58704006671906]::(246.0, 79.0, 150.0, 200.0)::(100.0, 11.0)->(3, 0)
[-14.9057264328003, -2.2303946018219, 1.40257596969604]::(246.0, 79.0, 150.0, 200.0)::(100.0, 11.0)->(3, 0)
[-13.6552953720093, -2.69016647338867, 1.63209223747253]::(246.0, 79.0, 150.0, 200.0)::(100.0, 11.0)->(3, 0)
[-14.4036102294922, -2.05972170829773, 1.62794637680054]::(246.0, 79.0, 150.0, 200.0)::(100.0, 11.0)->(3, 0)
[-12.6714954376221, -1.89540076255798, 1.31277334690094]::(246.0, 79.0, 150.0, 200.0)::(109.0, 11.0)->(3, 0)
[-13.4879026412964, -1.74533903598785, 1.2933851480484]::(246.0, 79.0, 150.0, 200.0)::(100.0, 11.0)->(3, 0)
[-12.684362411499, -2.40341639518738, 1.55910432338715]::(246.0, 79.0, 150.0, 200.0)::(100.0, 11.0)->(3, 0)
[-14.2607021331787, -2.18453741073608, 0.977995157241821]::(246.0, 78.0, 154.0, 205.0)::(125.0, 13.0)->(4, 0)
[-14.8541555404663, -2.52288222312927, 1.31496238708496]::(246.0, 78.0, 154.0, 205.0)::(125.0, 13.0)->(4, 0)
[-13.8838405609131, -2.25080227851868, 0.901742935180664]::(244.0, 76.0, 157.0, 209.0)::(121.0, 13.0)->(4, 0)
[-14.6025505065918, -2.24952912330627, 1.04708564281464]::(244.0, 76.0, 157.0, 209.0)::(121.0, 13.0)->(4, 0)
[-14.6020069122314, -2.79797911643982, 1.10147500038147]::(244.0, 76.0, 157.0, 209.0)::(118.0, 13.0)->(4, 0)
[-13.7076988220215, -2.67338013648987, 1.09562909603119]::(244.0, 76.0, 157.0, 209.0)::(121.0, 13.0)->(4, 0)
[-12.6824712753296, -1.98305773735046, 0.922467231750488]::(249.0, 82.0, 149.0, 198.0)::(118.0, 13.0)->(4, 0)
[-13.836389541626, -1.94584405422211, 0.923921287059784]::(249.0, 82.0, 149.0, 198.0)::(118.0, 13.0)->(4, 0)
[-12.9198122024536, -1.52395379543304, 0.85428923368454]::(249.0, 82.0, 149.0, 198.0)::(118.0, 13.0)->(4, 0)
[-14.3691148757935, -2.4701623916626, 1.14346385002136]::(249.0, 82.0, 149.0, 198.0)::(118.0, 13.0)->(4, 0)
[-16.9881534576416, 13.8177423477173, 1.22396326065063]::(245.0, 82.0, 158.0, 210.0)::(48.0, 12.0)->(0, 0)
[-17.1174545288086, 13.5694665908813, 1.36216151714325]::(245.0, 82.0, 158.0, 210.0)::(48.0, 12.0)->(0, 0)
[-16.1232299804688, 14.2452087402344, 1.0883800983429]::(245.0, 82.0, 158.0, 210.0)::(48.0, 12.0)->(0, 0)
[-16.999195098877, 13.8230438232422, 1.17219817638397]::(245.0, 82.0, 158.0, 210.0)::(48.0, 12.0)->(0, 0)
[-16.2336349487305, 13.7220373153687, 1.39471364021301]::(245.0, 82.0, 158.0, 210.0)::(48.0, 12.0)->(0, 0)
[-16.2534046173096, 14.1495237350464, 1.35629463195801]::(245.0, 82.0, 158.0, 210.0)::(48.0, 12.0)->(0, 0)
[-16.2103290557861, 14.2742080688477, 1.1955953836441]::(245.0, 82.0, 158.0, 210.0)::(54.0, 12.0)->(0, 0)
[-16.3472347259521, 13.6471567153931, 1.46475279331207]::(240.0, 74.0, 168.0, 224.0)::(48.0, 12.0)->(0, 0)
[-16.6772117614746, 13.9488821029663, 1.30819177627563]::(242.0, 79.0, 159.0, 212.0)::(48.0, 12.0)->(0, 0)
[-16.151668548584, 13.428539276123, 1.53580760955811]::(242.0, 79.0, 159.0, 212.0)::(48.0, 12.0)->(0, 0)
[-19.0231342315674, 11.4933557510376, 0.864128887653351]::(240.0, 77.0, 155.0, 206.0)::(72.0, 11.0)->(1, 0)
[-18.9851322174072, 11.2264862060547, 0.864460825920105]::(240.0, 77.0, 155.0, 206.0)::(72.0, 11.0)->(1, 0)
[-19.4504623413086, 11.2182788848877, 0.764035165309906]::(240.0, 77.0, 155.0, 206.0)::(72.0, 11.0)->(1, 0)
[-18.7837028503418, 10.677526473999, 1.1331604719162]::(240.0, 77.0, 155.0, 206.0)::(72.0, 11.0)->(1, 0)
[-19.1760272979736, 10.979043006897, 0.83244389295578]::(240.0, 77.0, 155.0, 206.0)::(72.0, 11.0)->(1, 0)
[-18.1893615722656, 11.0682582855225, 1.02447497844696]::(240.0, 77.0, 155.0, 206.0)::(75.0, 11.0)->(1, 0)
[-19.1228313446045, 11.5225276947021, 1.00181913375854]::(240.0, 77.0, 155.0, 206.0)::(72.0, 11.0)->(1, 0)
[-18.8531761169434, 11.2592248916626, 0.792019367218018]::(240.0, 77.0, 155.0, 206.0)::(75.0, 11.0)->(1, 0)
[-18.8192291259766, 10.7928714752197, 1.04978787899017]::(240.0, 77.0, 155.0, 206.0)::(75.0, 11.0)->(1, 0)
[-17.9685230255127, 10.7624454498291, 1.35290431976318]::(234.0, 74.0, 165.0, 220.0)::(75.0, 11.0)->(1, 0)
[-19.7045917510986, 11.9922742843628, 0.229328170418739]::(247.0, 77.0, 149.0, 198.0)::(85.0, 11.0)->(2, 0)
[-19.5089702606201, 11.759126663208, 0.295568943023682]::(247.0, 77.0, 149.0, 198.0)::(85.0, 11.0)->(2, 0)
[-19.4648265838623, 11.6367053985596, 0.511872410774231]::(241.0, 74.0, 159.0, 212.0)::(88.0, 11.0)->(2, 0)
[-18.6027565002441, 12.2759666442871, 0.386029005050659]::(241.0, 74.0, 159.0, 212.0)::(88.0, 11.0)->(2, 0)
[-19.8025226593018, 12.3326501846313, 0.425371378660202]::(241.0, 74.0, 159.0, 212.0)::(88.0, 11.0)->(2, 0)
[-19.4234180450439, 11.4852914810181, 0.444995284080505]::(241.0, 74.0, 159.0, 212.0)::(88.0, 11.0)->(2, 0)
[-19.5655956268311, 11.9015607833862, 0.491955518722534]::(241.0, 74.0, 159.0, 212.0)::(88.0, 11.0)->(2, 0)
[-19.1487579345703, 12.4659376144409, 0.529565811157227]::(241.0, 74.0, 159.0, 212.0)::(88.0, 11.0)->(2, 0)
[-19.3913421630859, 12.2866201400757, 0.38729527592659]::(241.0, 74.0, 159.0, 212.0)::(88.0, 11.0)->(2, 0)
[-20.0630970001221, 12.3051404953003, 0.346600830554962]::(241.0, 74.0, 159.0, 212.0)::(88.0, 11.0)->(2, 0)
[-19.3352813720703, 12.371600151062, 0.131308928132057]::(241.0, 74.0, 159.0, 212.0)::(97.0, 11.0)->(3, 0)
[-19.468994140625, 11.8861436843872, 0.270149379968643]::(241.0, 74.0, 159.0, 212.0)::(100.0, 11.0)->(3, 0)
[-19.5447387695312, 12.5166397094727, 0.28353151679039]::(241.0, 74.0, 159.0, 212.0)::(97.0, 11.0)->(3, 0)
[-20.3214702606201, 12.4299945831299, 0.214831426739693]::(241.0, 74.0, 159.0, 212.0)::(100.0, 11.0)->(3, 0)
[-19.3342361450195, 12.8368940353394, 0.0907177031040192]::(241.0, 74.0, 159.0, 212.0)::(100.0, 11.0)->(3, 0)
[-19.435791015625, 12.7181053161621, 0.0773824378848076]::(241.0, 74.0, 159.0, 212.0)::(97.0, 11.0)->(3, 0)
[-19.5343475341797, 12.0470762252808, 0.151446521282196]::(241.0, 74.0, 159.0, 212.0)::(100.0, 11.0)->(3, 0)
[-19.6850986480713, 13.0114221572876, 0.00167302205227315]::(241.0, 74.0, 159.0, 212.0)::(102.0, 11.0)->(3, 0)
[-20.3184051513672, 12.1219825744629, 0.0295575875788927]::(241.0, 74.0, 159.0, 212.0)::(100.0, 11.0)->(3, 0)
[-19.4436187744141, 12.4171752929688, -0.127557426691055]::(246.0, 80.0, 151.0, 201.0)::(102.0, 11.0)->(3, 0)
[-18.4748611450195, 12.6244649887085, -0.142108276486397]::(243.0, 70.0, 159.0, 212.0)::(109.0, 11.0)->(4, 0)
[-19.5446796417236, 12.4227523803711, -0.409411638975143]::(243.0, 70.0, 159.0, 212.0)::(109.0, 11.0)->(4, 0)
[-18.5594749450684, 12.4343957901001, -0.222194880247116]::(243.0, 70.0, 159.0, 212.0)::(109.0, 11.0)->(4, 0)
[-18.2393169403076, 12.3419075012207, -0.329252362251282]::(243.0, 70.0, 159.0, 212.0)::(109.0, 11.0)->(4, 0)
[-18.9906902313232, 12.6227388381958, -0.172910556197166]::(243.0, 70.0, 159.0, 212.0)::(109.0, 11.0)->(4, 0)
[-18.704662322998, 11.944522857666, -0.041785541921854]::(243.0, 70.0, 159.0, 212.0)::(109.0, 11.0)->(4, 0)
[-19.1366100311279, 12.5044441223145, -0.243403106927872]::(243.0, 70.0, 159.0, 212.0)::(109.0, 11.0)->(4, 0)
[-19.3278636932373, 12.6573705673218, -0.225572064518929]::(243.0, 70.0, 159.0, 212.0)::(112.0, 11.0)->(4, 0)
[-20.1656513214111, 12.8398551940918, -0.590912103652954]::(245.0, 81.0, 156.0, 208.0)::(112.0, 11.0)->(4, 0)
[-19.0294036865234, 12.1773900985718, -0.316238611936569]::(245.0, 81.0, 156.0, 208.0)::(112.0, 11.0)->(4, 0)
[-16.5402851104736, 16.9496898651123, 0.418993979692459]::(239.0, 73.0, 162.0, 216.0)::(50.0, 10.0)->(0, 0)
[-18.1469440460205, 17.3061828613281, 0.363744497299194]::(239.0, 73.0, 162.0, 216.0)::(52.0, 10.0)->(0, 0)
[-17.0140533447266, 16.724645614624, 0.620583653450012]::(239.0, 73.0, 162.0, 216.0)::(50.0, 10.0)->(0, 0)
[-17.1801738739014, 17.0427932739258, 0.354818403720856]::(239.0, 73.0, 162.0, 216.0)::(50.0, 10.0)->(0, 0)
[-16.5004100799561, 17.2293701171875, 0.541524589061737]::(239.0, 73.0, 162.0, 216.0)::(50.0, 10.0)->(0, 0)
[-16.8200511932373, 16.9142608642578, 0.476828753948212]::(239.0, 73.0, 162.0, 216.0)::(50.0, 10.0)->(0, 0)
[-16.9254417419434, 16.4219741821289, 0.642764091491699]::(239.0, 73.0, 162.0, 216.0)::(50.0, 10.0)->(0, 0)
[-17.4655208587646, 17.7291011810303, -0.0951711386442184]::(239.0, 73.0, 162.0, 216.0)::(50.0, 10.0)->(0, 0)
[-17.4138870239258, 17.3735599517822, 0.615092635154724]::(239.0, 73.0, 162.0, 216.0)::(50.0, 10.0)->(0, 0)
[-16.6942825317383, 17.5581245422363, 0.391307771205902]::(239.0, 73.0, 162.0, 216.0)::(50.0, 10.0)->(0, 0)
[-17.0225467681885, 17.4041290283203, 0.394519150257111]::(245.0, 71.0, 154.0, 205.0)::(57.0, 10.0)->(1, 0)
[-16.2498817443848, 17.3984718322754, 0.131394699215889]::(245.0, 71.0, 154.0, 205.0)::(57.0, 10.0)->(1, 0)
[-16.6219596862793, 17.388599395752, 0.426364749670029]::(245.0, 71.0, 154.0, 205.0)::(53.0, 10.0)->(1, 0)
[-15.9280338287354, 17.3204765319824, 0.056902039796114]::(245.0, 71.0, 154.0, 205.0)::(56.0, 10.0)->(1, 0)
[-16.4954223632812, 18.1109237670898, 0.190097197890282]::(245.0, 71.0, 154.0, 205.0)::(54.0, 10.0)->(1, 0)
[-16.7713031768799, 17.5178680419922, 0.170032352209091]::(241.0, 74.0, 162.0, 216.0)::(54.0, 10.0)->(1, 0)
[-17.4012203216553, 17.3156051635742, 0.258227705955505]::(241.0, 74.0, 162.0, 216.0)::(54.0, 10.0)->(1, 0)
[-16.4907569885254, 17.405517578125, 0.220929935574532]::(245.0, 75.0, 153.0, 204.0)::(54.0, 10.0)->(1, 0)
[-16.468994140625, 17.4546546936035, 0.17791785299778]::(245.0, 75.0, 153.0, 204.0)::(57.0, 10.0)->(1, 0)
[-17.4856548309326, 17.1504859924316, 0.174285039305687]::(245.0, 75.0, 153.0, 204.0)::(57.0, 10.0)->(1, 0)
[-17.4950218200684, 16.3961620330811, 0.416379570960999]::(241.0, 74.0, 158.0, 210.0)::(77.0, 12.0)->(2, 0)
[-17.2171459197998, 16.9889221191406, 0.339404374361038]::(241.0, 74.0, 158.0, 210.0)::(77.0, 12.0)->(2, 0)
[-17.0028896331787, 16.6275196075439, 0.657395005226135]::(241.0, 74.0, 158.0, 210.0)::(80.0, 12.0)->(2, 0)
[-16.5891628265381, 16.8021793365479, 0.605861663818359]::(241.0, 74.0, 158.0, 210.0)::(80.0, 12.0)->(2, 0)
[-17.1856002807617, 16.1986751556396, 0.731019735336304]::(241.0, 74.0, 158.0, 210.0)::(80.0, 12.0)->(2, 0)
[-18.0283031463623, 15.9738473892212, 0.475748509168625]::(241.0, 74.0, 158.0, 210.0)::(80.0, 12.0)->(2, 0)
[-16.6019992828369, 16.6490802764893, 0.285619288682938]::(241.0, 74.0, 158.0, 210.0)::(80.0, 12.0)->(2, 0)
[-18.2975063323975, 15.7774620056152, 0.543539643287659]::(241.0, 74.0, 158.0, 210.0)::(77.0, 12.0)->(2, 0)
[-18.2081489562988, 16.0167064666748, 0.509225904941559]::(241.0, 74.0, 158.0, 210.0)::(80.0, 12.0)->(2, 0)
[-17.1399841308594, 16.4880962371826, 0.526943206787109]::(241.0, 74.0, 158.0, 210.0)::(80.0, 12.0)->(2, 0)
[-17.1030101776123, 16.71559715271, 0.12100712954998]::(241.0, 74.0, 158.0, 210.0)::(102.0, 12.0)->(3, 0)
[-17.1214504241943, 17.0118350982666, 0.129321351647377]::(241.0, 74.0, 158.0, 210.0)::(105.0, 12.0)->(3, 0)
[-17.9502105712891, 16.8266143798828, 0.125219866633415]::(241.0, 74.0, 158.0, 210.0)::(105.0, 12.0)->(3, 0)
[-17.3820991516113, 16.8206157684326, 0.223015680909157]::(241.0, 74.0, 158.0, 210.0)::(105.0, 12.0)->(3, 0)
[-17.0638008117676, 17.3172950744629, 0.130488723516464]::(241.0, 74.0, 158.0, 210.0)::(105.0, 12.0)->(3, 0)
[-16.8920001983643, 16.7932949066162, 0.084192119538784]::(242.0, 76.0, 157.0, 209.0)::(94.0, 11.0)->(3, 0)
[-16.2293243408203, 16.4986934661865, 0.435226052999496]::(242.0, 76.0, 157.0, 209.0)::(91.0, 11.0)->(3, 0)
[-16.4895973205566, 16.6226177215576, -0.0298267565667629]::(247.0, 79.0, 148.0, 197.0)::(91.0, 11.0)->(3, 0)
[-18.0010070800781, 17.041374206543, -0.189415976405144]::(243.0, 76.0, 158.0, 210.0)::(94.0, 11.0)->(3, 0)
[-16.6458892822266, 16.9509449005127, -0.0782631114125252]::(243.0, 76.0, 158.0, 210.0)::(94.0, 11.0)->(3, 0)
[-17.052978515625, 16.9434146881104, -0.252228230237961]::(246.0, 72.0, 160.0, 213.0)::(124.0, 11.0)->(4, 0)
[-16.8961219787598, 17.5806217193604, -0.469168484210968]::(246.0, 72.0, 160.0, 213.0)::(124.0, 11.0)->(4, 0)
[-19.231071472168, 16.1470832824707, -0.483649373054504]::(241.0, 69.0, 169.0, 225.0)::(124.0, 11.0)->(4, 0)
[-18.5658836364746, 16.596155166626, -0.288880288600922]::(247.0, 71.0, 160.0, 213.0)::(124.0, 11.0)->(4, 0)
[-17.8788795471191, 16.1750450134277, -0.0928962454199791]::(247.0, 71.0, 160.0, 213.0)::(121.0, 11.0)->(4, 0)
[-18.9673480987549, 15.8426904678345, -0.343985438346863]::(247.0, 71.0, 160.0, 213.0)::(124.0, 11.0)->(4, 0)
[-18.2667083740234, 15.6323328018188, -0.142358228564262]::(247.0, 71.0, 160.0, 213.0)::(121.0, 11.0)->(4, 0)
[-16.131591796875, 17.8244571685791, -0.419391661882401]::(248.0, 76.0, 156.0, 208.0)::(124.0, 11.0)->(4, 0)
[-16.3376770019531, 17.2012348175049, -0.26490131020546]::(248.0, 76.0, 156.0, 208.0)::(124.0, 11.0)->(4, 0)
[-15.3502388000488, 17.67258644104, -0.15249328315258]::(248.0, 76.0, 156.0, 208.0)::(122.0, 11.0)->(4, 0)
[-14.4839220046997, -10.0396947860718, -0.910444676876068]::(249.0, 82.0, 149.0, 198.0)::(81.0, 12.0)->(0, 0)
[-14.1450090408325, -9.8797492980957, -0.963191568851471]::(249.0, 82.0, 149.0, 198.0)::(81.0, 12.0)->(0, 0)
[-14.6790313720703, -10.7880048751831, -0.62315970659256]::(249.0, 82.0, 149.0, 198.0)::(84.0, 12.0)->(0, 0)
[-14.6287469863892, -9.98716831207275, -1.02228808403015]::(249.0, 82.0, 149.0, 198.0)::(81.0, 12.0)->(0, 0)
[-14.4024887084961, -10.1494007110596, -1.17710101604462]::(249.0, 82.0, 149.0, 198.0)::(84.0, 12.0)->(0, 0)
[-14.4503908157349, -10.321270942688, -1.26789224147797]::(249.0, 82.0, 149.0, 198.0)::(81.0, 12.0)->(0, 0)
[-13.9438142776489, -10.3240776062012, -0.961152255535126]::(249.0, 82.0, 149.0, 198.0)::(81.0, 12.0)->(0, 0)
[-14.0571136474609, -10.9569311141968, -1.26250445842743]::(249.0, 82.0, 149.0, 198.0)::(84.0, 12.0)->(0, 0)
[-14.6550416946411, -10.5705623626709, -0.976768374443054]::(249.0, 82.0, 149.0, 198.0)::(84.0, 12.0)->(0, 0)
[-13.9313249588013, -9.74236965179443, -1.29301297664642]::(249.0, 82.0, 149.0, 198.0)::(78.0, 12.0)->(0, 0)
[-15.8377952575684, -8.74822044372559, -0.758068680763245]::(249.0, 82.0, 149.0, 198.0)::(90.0, 13.0)->(1, 0)
[-14.9238452911377, -9.13008975982666, -1.24684166908264]::(249.0, 82.0, 149.0, 198.0)::(90.0, 13.0)->(1, 0)
[-13.5417509078979, -8.17368030548096, -0.995409786701202]::(249.0, 82.0, 149.0, 198.0)::(90.0, 13.0)->(1, 0)
[-15.313627243042, -9.10523986816406, -0.796353399753571]::(249.0, 82.0, 149.0, 198.0)::(93.0, 13.0)->(1, 0)
[-15.1609210968018, -9.07976627349854, -0.809004247188568]::(249.0, 82.0, 149.0, 198.0)::(93.0, 13.0)->(1, 0)
[-14.513729095459, -8.55757141113281, -0.967211127281189]::(249.0, 82.0, 149.0, 198.0)::(90.0, 13.0)->(1, 0)
[-13.8897008895874, -8.14142036437988, -1.0720202922821]::(249.0, 82.0, 149.0, 198.0)::(93.0, 13.0)->(1, 0)
[-15.3556232452393, -8.69214153289795, -0.763881742954254]::(249.0, 82.0, 149.0, 198.0)::(93.0, 13.0)->(1, 0)
[-16.1778106689453, -8.99186611175537, -0.635872185230255]::(249.0, 82.0, 149.0, 198.0)::(93.0, 13.0)->(1, 0)
[-15.1946439743042, -8.27876853942871, -1.03026926517487]::(249.0, 82.0, 149.0, 198.0)::(96.0, 13.0)->(1, 0)
[-13.1470108032227, -9.16703319549561, -0.861027419567108]::(254.0, 85.0, 149.0, 198.0)::(103.0, 12.0)->(2, 0)
[-14.2993631362915, -9.32220458984375, -1.47331058979034]::(254.0, 85.0, 149.0, 198.0)::(100.0, 12.0)->(2, 0)
[-13.8156824111938, -8.69686126708984, -1.35669875144958]::(254.0, 85.0, 149.0, 198.0)::(103.0, 12.0)->(2, 0)
[-13.7791566848755, -7.9353985786438, -1.50071537494659]::(254.0, 85.0, 149.0, 198.0)::(103.0, 12.0)->(2, 0)
[-13.6794176101685, -9.02634906768799, -1.16689157485962]::(254.0, 85.0, 149.0, 198.0)::(103.0, 12.0)->(2, 0)
[-13.5168056488037, -8.28761005401611, -1.48684394359589]::(254.0, 85.0, 149.0, 198.0)::(103.0, 12.0)->(2, 0)
[-13.5941305160522, -9.0993595123291, -1.08801460266113]::(254.0, 85.0, 149.0, 198.0)::(106.0, 12.0)->(2, 0)
[-14.9493207931519, -8.24770545959473, -1.12561440467834]::(254.0, 85.0, 149.0, 198.0)::(103.0, 12.0)->(2, 0)
[-14.9095668792725, -7.88643598556519, -1.28454947471619]::(254.0, 85.0, 149.0, 198.0)::(106.0, 12.0)->(2, 0)
[-15.0970726013184, -8.10842514038086, -1.29821169376373]::(254.0, 85.0, 149.0, 198.0)::(106.0, 12.0)->(2, 0)
[-13.2510461807251, -8.28169727325439, -1.76385688781738]::(254.0, 85.0, 149.0, 198.0)::(113.0, 12.0)->(3, 0)
[-14.1258764266968, -8.48077487945557, -1.60837316513062]::(254.0, 85.0, 149.0, 198.0)::(115.0, 12.0)->(3, 0)
[-13.1918697357178, -8.19141674041748, -1.91782903671265]::(254.0, 85.0, 149.0, 198.0)::(115.0, 12.0)->(3, 0)
[-12.9515981674194, -8.18227005004883, -1.80870759487152]::(254.0, 85.0, 149.0, 198.0)::(112.0, 12.0)->(3, 0)
[-14.3237400054932, -8.48421096801758, -1.74610888957977]::(254.0, 85.0, 149.0, 198.0)::(115.0, 12.0)->(3, 0)
[-11.9119739532471, -8.10963153839111, -2.07706236839294]::(254.0, 85.0, 149.0, 198.0)::(112.0, 12.0)->(3, 0)
[-13.2755851745605, -8.34715557098389, -1.53099143505096]::(254.0, 85.0, 149.0, 198.0)::(115.0, 12.0)->(3, 0)
[-13.2039756774902, -8.25536155700684, -1.57486963272095]::(254.0, 85.0, 149.0, 198.0)::(112.0, 12.0)->(3, 0)
[-14.3768854141235, -7.90172147750854, -1.68538177013397]::(254.0, 85.0, 149.0, 198.0)::(112.0, 12.0)->(3, 0)
[-13.956995010376, -8.34500217437744, -1.82829976081848]::(254.0, 85.0, 149.0, 198.0)::(112.0, 12.0)->(3, 0)
[-13.6249923706055, -6.94732856750488, -2.40241146087646]::(256.0, 86.0, 147.0, 196.0)::(139.0, 12.0)->(4, 0)
[-13.6959056854248, -6.93813610076904, -2.3593122959137]::(256.0, 86.0, 147.0, 196.0)::(139.0, 12.0)->(4, 0)
[-14.377368927002, -7.16341781616211, -1.91859614849091]::(256.0, 86.0, 147.0, 196.0)::(139.0, 12.0)->(4, 0)
[-13.7966995239258, -7.20906400680542, -2.27825927734375]::(256.0, 86.0, 147.0, 196.0)::(139.0, 12.0)->(4, 0)
[-14.4953746795654, -7.24613237380981, -2.03695344924927]::(256.0, 86.0, 147.0, 196.0)::(139.0, 12.0)->(4, 0)
[-13.4849491119385, -7.26542663574219, -2.17392468452454]::(256.0, 86.0, 147.0, 196.0)::(139.0, 12.0)->(4, 0)
[-14.3588352203369, -7.17401075363159, -1.93409717082977]::(256.0, 86.0, 147.0, 196.0)::(136.0, 12.0)->(4, 0)
[-13.8150281906128, -7.51603603363037, -2.09717011451721]::(256.0, 86.0, 147.0, 196.0)::(136.0, 12.0)->(4, 0)
[-14.0039749145508, -7.19613265991211, -2.01862740516663]::(256.0, 86.0, 147.0, 196.0)::(139.0, 12.0)->(4, 0)
[-11.7074155807495, -6.70425128936768, -2.23664498329163]::(256.0, 86.0, 147.0, 196.0)::(139.0, 12.0)->(4, 0)
[-14.5415191650391, -17.9637546539307, 1.60689389705658]::(237.0, 85.0, 164.0, 218.0)::(86.0, 12.0)->(0, 0)
[-10.8988351821899, -17.8613605499268, 0.46402570605278]::(252.0, 95.0, 137.0, 182.0)::(86.0, 12.0)->(0, 0)
[-14.3174619674683, -18.4826469421387, 1.71350824832916]::(242.0, 93.0, 151.0, 201.0)::(86.0, 12.0)->(0, 0)
[-12.9254665374756, -19.8111534118652, 1.19733130931854]::(253.0, 82.0, 149.0, 199.0)::(86.0, 12.0)->(0, 0)
[-13.2055549621582, -19.2523136138916, 1.07068562507629]::(253.0, 81.0, 149.0, 199.0)::(86.0, 12.0)->(0, 0)
[-13.8106966018677, -18.337797164917, 1.3522253036499]::(242.0, 93.0, 151.0, 201.0)::(82.0, 12.0)->(0, 0)
[-13.3055839538574, -20.0701427459717, 1.17009198665619]::(251.0, 79.0, 150.0, 200.0)::(86.0, 12.0)->(0, 0)
[-13.400538444519, -18.1101493835449, 1.49052619934082]::(242.0, 93.0, 151.0, 201.0)::(86.0, 13.0)->(0, 0)
[-12.5317430496216, -18.9138774871826, 0.937974750995636]::(251.0, 81.0, 150.0, 200.0)::(86.0, 13.0)->(0, 0)
[-14.1612796783447, -18.0305957794189, 1.33605706691742]::(242.0, 93.0, 151.0, 201.0)::(86.0, 13.0)->(0, 0)
[-16.545560836792, -16.0801792144775, 1.48993360996246]::(251.0, 82.0, 145.0, 193.0)::(93.0, 13.0)->(1, 0)
[-17.0334320068359, -16.6845436096191, 1.64597630500793]::(251.0, 82.0, 145.0, 193.0)::(93.0, 13.0)->(1, 0)
[-17.5764141082764, -16.6129055023193, 1.98152053356171]::(251.0, 82.0, 145.0, 193.0)::(93.0, 13.0)->(1, 0)
[-16.8828430175781, -16.4797611236572, 1.59558486938477]::(251.0, 82.0, 145.0, 193.0)::(89.0, 13.0)->(1, 0)
[-13.8591346740723, -16.897367477417, 1.18584382534027]::(256.0, 85.0, 137.0, 182.0)::(86.0, 10.0)->(1, 0)
[-16.6144618988037, -17.2362594604492, 1.48675584793091]::(249.0, 84.0, 147.0, 196.0)::(82.0, 10.0)->(1, 0)
[-16.3802547454834, -17.1236476898193, 1.47424721717834]::(249.0, 84.0, 147.0, 196.0)::(86.0, 10.0)->(1, 0)
[-15.9306783676147, -16.6922359466553, 1.37837266921997]::(249.0, 84.0, 147.0, 196.0)::(86.0, 10.0)->(1, 0)
[-17.3973445892334, -16.9539833068848, 1.9274810552597]::(249.0, 84.0, 147.0, 196.0)::(86.0, 10.0)->(1, 0)
[-17.5554809570312, -16.6552448272705, 1.62945461273193]::(249.0, 84.0, 147.0, 196.0)::(86.0, 10.0)->(1, 0)
[-16.0964813232422, -17.2906455993652, 1.3745813369751]::(246.0, 84.0, 147.0, 196.0)::(96.0, 11.0)->(2, 0)
[-16.4757919311523, -17.3073768615723, 1.45215845108032]::(246.0, 84.0, 147.0, 196.0)::(96.0, 11.0)->(2, 0)
[-16.8664264678955, -17.6309051513672, 1.60721921920776]::(246.0, 84.0, 147.0, 196.0)::(96.0, 11.0)->(2, 0)
[-15.7467346191406, -17.7238864898682, 1.73268187046051]::(246.0, 84.0, 147.0, 196.0)::(96.0, 11.0)->(2, 0)
[-15.4278421401978, -17.4201030731201, 1.31688821315765]::(246.0, 84.0, 147.0, 196.0)::(96.0, 11.0)->(2, 0)
[-16.4122142791748, -17.3798999786377, 1.33058679103851]::(246.0, 84.0, 147.0, 196.0)::(96.0, 11.0)->(2, 0)
[-16.7146339416504, -17.5880088806152, 1.33444976806641]::(246.0, 84.0, 147.0, 196.0)::(96.0, 11.0)->(2, 0)
[-16.0435485839844, -16.5140323638916, 1.03130507469177]::(246.0, 84.0, 147.0, 196.0)::(96.0, 11.0)->(2, 0)
[-16.1659336090088, -17.3484420776367, 1.19504404067993]::(246.0, 84.0, 147.0, 196.0)::(96.0, 11.0)->(2, 0)
[-16.6635322570801, -17.4078559875488, 1.52874708175659]::(246.0, 84.0, 147.0, 196.0)::(96.0, 11.0)->(2, 0)
[-17.1759433746338, -17.411584854126, 1.72407007217407]::(242.0, 79.0, 156.0, 208.0)::(116.0, 11.0)->(3, 0)
[-16.3610038757324, -16.8419075012207, 1.17640936374664]::(244.0, 81.0, 147.0, 196.0)::(116.0, 11.0)->(3, 0)
[-17.4398860931396, -16.6883811950684, 1.59359729290009]::(244.0, 81.0, 147.0, 196.0)::(116.0, 11.0)->(3, 0)
[-16.1652355194092, -16.5681400299072, 0.858479619026184]::(244.0, 81.0, 147.0, 196.0)::(113.0, 11.0)->(3, 0)
[-17.1220188140869, -16.7406482696533, 1.35442304611206]::(244.0, 81.0, 147.0, 196.0)::(116.0, 11.0)->(3, 0)
[-17.5223007202148, -16.9100399017334, 1.62310111522675]::(244.0, 81.0, 147.0, 196.0)::(116.0, 11.0)->(3, 0)
[-16.9992141723633, -17.0357646942139, 1.3640832901001]::(244.0, 81.0, 147.0, 196.0)::(116.0, 11.0)->(3, 0)
[-17.6124877929688, -17.1031913757324, 1.59371662139893]::(244.0, 81.0, 147.0, 196.0)::(116.0, 11.0)->(3, 0)
[-16.2870311737061, -16.9299716949463, 1.2850958108902]::(244.0, 81.0, 147.0, 196.0)::(116.0, 11.0)->(3, 0)
[-17.0530834197998, -17.0099906921387, 1.29939210414886]::(244.0, 81.0, 147.0, 196.0)::(116.0, 11.0)->(3, 0)
[-16.5842151641846, -16.3914585113525, 1.17902112007141]::(246.0, 81.0, 147.0, 196.0)::(145.0, 11.0)->(4, 0)
[-14.5017890930176, -17.1107006072998, 0.393871456384659]::(252.0, 87.0, 138.0, 184.0)::(145.0, 11.0)->(4, 0)
[-15.4413347244263, -16.6442356109619, 0.957702159881592]::(247.0, 77.0, 151.0, 201.0)::(145.0, 11.0)->(4, 0)
[-15.5369577407837, -16.8916931152344, 0.92527186870575]::(247.0, 77.0, 151.0, 201.0)::(145.0, 12.0)->(4, 0)
[-16.0240955352783, -17.8028907775879, 1.18963599205017]::(247.0, 77.0, 151.0, 201.0)::(141.0, 12.0)->(4, 0)
[-16.3088893890381, -16.8399143218994, 1.28117346763611]::(247.0, 77.0, 151.0, 201.0)::(145.0, 12.0)->(4, 0)
[-16.5224018096924, -16.6431121826172, 1.36659789085388]::(247.0, 77.0, 151.0, 201.0)::(145.0, 12.0)->(4, 0)
[-16.0055541992188, -16.9408416748047, 1.12231087684631]::(247.0, 77.0, 151.0, 201.0)::(145.0, 12.0)->(4, 0)
[-16.4358520507812, -16.98268699646, 1.23376846313477]::(247.0, 77.0, 151.0, 201.0)::(145.0, 12.0)->(4, 0)
[-16.1646881103516, -16.5610084533691, 1.00630688667297]::(243.0, 74.0, 159.0, 212.0)::(145.0, 12.0)->(4, 0)
[-16.8277549743652, -2.35607814788818, 0.5887291431427]::(263.0, 103.0, 114.0, 152.0)::(56.0, 8.0)->(0, 0)
[-17.0933170318604, -2.94171762466431, 0.451310247182846]::(263.0, 103.0, 114.0, 152.0)::(56.0, 8.0)->(0, 0)
[-16.4783878326416, -2.91557693481445, 0.419102758169174]::(263.0, 103.0, 114.0, 152.0)::(56.0, 8.0)->(0, 0)
[-15.7440595626831, -2.45594239234924, 0.620822608470917]::(263.0, 103.0, 114.0, 152.0)::(56.0, 8.0)->(0, 0)
[-16.0408973693848, -3.11140847206116, 0.650209665298462]::(263.0, 103.0, 114.0, 152.0)::(56.0, 8.0)->(0, 0)
[-16.7666492462158, -2.71919894218445, 0.422492921352386]::(263.0, 103.0, 114.0, 152.0)::(56.0, 8.0)->(0, 0)
[-16.4490203857422, -3.10073232650757, 0.507411479949951]::(263.0, 103.0, 114.0, 152.0)::(56.0, 8.0)->(0, 0)
[-16.2165203094482, -2.5414035320282, 0.520445764064789]::(263.0, 103.0, 114.0, 152.0)::(56.0, 8.0)->(0, 0)
[-15.6846704483032, -1.87517380714417, 0.273541003465652]::(263.0, 103.0, 114.0, 152.0)::(56.0, 8.0)->(0, 0)
[-16.9189643859863, -2.72108674049377, 0.76888382434845]::(263.0, 103.0, 114.0, 152.0)::(56.0, 8.0)->(0, 0)
[-15.9737501144409, -2.72145748138428, 1.51177406311035]::(264.0, 102.0, 114.0, 152.0)::(70.0, 8.0)->(1, 0)
[-14.9876050949097, -2.56724786758423, 1.62495768070221]::(264.0, 102.0, 114.0, 152.0)::(70.0, 8.0)->(1, 0)
[-15.4418134689331, -2.60307645797729, 1.34254813194275]::(264.0, 102.0, 114.0, 152.0)::(75.0, 8.0)->(1, 0)
[-15.1233806610107, -2.79253315925598, 1.28869414329529]::(264.0, 102.0, 114.0, 152.0)::(75.0, 8.0)->(1, 0)
[-15.4875173568726, -1.72413885593414, 1.38405621051788]::(264.0, 102.0, 114.0, 152.0)::(75.0, 8.0)->(1, 0)
[-14.6002759933472, -2.97793650627136, 1.43975138664246]::(264.0, 102.0, 114.0, 152.0)::(75.0, 8.0)->(1, 0)
[-15.4121685028076, -2.75315165519714, 1.42580163478851]::(264.0, 102.0, 114.0, 152.0)::(75.0, 8.0)->(1, 0)
[-15.5965404510498, -2.70872402191162, 1.57898509502411]::(264.0, 102.0, 114.0, 152.0)::(75.0, 8.0)->(1, 0)
[-15.2975473403931, -3.23389863967896, 1.56035399436951]::(264.0, 102.0, 114.0, 152.0)::(75.0, 8.0)->(1, 0)
[-15.4512510299683, -2.90742349624634, 1.61464202404022]::(264.0, 102.0, 114.0, 152.0)::(70.0, 8.0)->(1, 0)
[-15.5756607055664, -2.92061448097229, 1.53686428070068]::(264.0, 102.0, 114.0, 152.0)::(95.0, 9.0)->(2, 0)
[-15.9465570449829, -1.96568191051483, 1.53839671611786]::(264.0, 102.0, 114.0, 152.0)::(91.0, 9.0)->(2, 0)
[-15.1589803695679, -2.52399873733521, 1.29448235034943]::(264.0, 102.0, 114.0, 152.0)::(91.0, 9.0)->(2, 0)
[-15.1375551223755, -1.7707667350769, 1.21830546855927]::(264.0, 102.0, 114.0, 152.0)::(95.0, 9.0)->(2, 0)
[-14.8405838012695, -2.56521487236023, 1.31386244297028]::(264.0, 102.0, 114.0, 152.0)::(95.0, 9.0)->(2, 0)
[-15.2302579879761, -1.94060468673706, 1.35664474964142]::(264.0, 102.0, 114.0, 152.0)::(95.0, 9.0)->(2, 0)
[-14.1777830123901, -2.84107804298401, 1.40839278697968]::(264.0, 102.0, 114.0, 152.0)::(91.0, 9.0)->(2, 0)
[-14.5777788162231, -2.68746876716614, 1.3215639591217]::(264.0, 102.0, 114.0, 152.0)::(91.0, 9.0)->(2, 0)
[-14.9903106689453, -3.00580191612244, 1.62543725967407]::(264.0, 102.0, 114.0, 152.0)::(91.0, 9.0)->(2, 0)
[-14.6354942321777, -2.81113147735596, 1.60983371734619]::(264.0, 102.0, 114.0, 152.0)::(91.0, 9.0)->(2, 0)
[-14.5943470001221, -2.14497685432434, 1.07573068141937]::(264.0, 102.0, 114.0, 152.0)::(112.0, 9.0)->(3, 0)
[-15.6637563705444, -2.17928266525269, 1.0909675359726]::(264.0, 102.0, 114.0, 152.0)::(112.0, 9.0)->(3, 0)
[-15.0400514602661, -1.62343966960907, 0.924179911613464]::(264.0, 102.0, 114.0, 152.0)::(112.0, 9.0)->(3, 0)
[-15.5537157058716, -1.95809364318848, 1.12008094787598]::(264.0, 102.0, 114.0, 152.0)::(112.0, 9.0)->(3, 0)
[-14.5568523406982, -2.05482530593872, 0.991409838199615]::(264.0, 102.0, 114.0, 152.0)::(112.0, 9.0)->(3, 0)
[-15.4289531707764, -2.42042565345764, 1.15684521198273]::(264.0, 102.0, 114.0, 152.0)::(112.0, 9.0)->(3, 0)
[-14.9608964920044, -2.11136794090271, 1.16708934307098]::(264.0, 102.0, 114.0, 152.0)::(112.0, 9.0)->(3, 0)
[-15.5757398605347, -2.04047203063965, 1.24513363838196]::(264.0, 102.0, 114.0, 152.0)::(108.0, 9.0)->(3, 0)
[-15.3050298690796, -2.15313649177551, 1.03630185127258]::(264.0, 102.0, 114.0, 152.0)::(112.0, 9.0)->(3, 0)
[-15.8699426651001, -2.12191987037659, 0.955049991607666]::(264.0, 102.0, 114.0, 152.0)::(112.0, 9.0)->(3, 0)
[-15.0177364349365, 0.374974370002747, 0.113213494420052]::(264.0, 102.0, 114.0, 152.0)::(125.0, 9.0)->(4, 0)
[-15.0554752349854, 0.504693329334259, 0.14590410888195]::(264.0, 102.0, 114.0, 152.0)::(125.0, 9.0)->(4, 0)
[-14.8860645294189, -0.262944430112839, 0.236366406083107]::(264.0, 102.0, 114.0, 152.0)::(125.0, 9.0)->(4, 0)
[-15.5655097961426, 0.0773255079984665, 0.211952343583107]::(264.0, 102.0, 114.0, 152.0)::(120.0, 9.0)->(4, 0)
[-15.306526184082, 0.153030842542648, 0.277510523796082]::(264.0, 102.0, 114.0, 152.0)::(120.0, 9.0)->(4, 0)
[-15.1220369338989, 0.235692650079727, 0.2940394282341]::(264.0, 102.0, 114.0, 152.0)::(120.0, 9.0)->(4, 0)
[-15.3440427780151, 0.382774084806442, 0.257003724575043]::(264.0, 102.0, 114.0, 152.0)::(120.0, 9.0)->(4, 0)
[-15.2640314102173, -0.0839149430394173, 0.487692594528198]::(264.0, 102.0, 114.0, 152.0)::(120.0, 9.0)->(4, 0)
[-14.6658487319946, 0.0769307911396027, 0.271201550960541]::(264.0, 102.0, 114.0, 152.0)::(120.0, 9.0)->(4, 0)
[-15.5933904647827, 0.00871231313794851, 0.455504029989243]::(264.0, 102.0, 114.0, 152.0)::(120.0, 9.0)->(4, 0)
[-17.7268295288086, 5.86919975280762, 1.57830154895782]::(264.0, 96.0, 118.0, 157.0)::(60.0, 8.0)->(0, 0)
[-19.1756706237793, 5.79869508743286, 1.49187898635864]::(264.0, 96.0, 118.0, 157.0)::(60.0, 8.0)->(0, 0)
[-17.747200012207, 6.19210433959961, 1.37685346603394]::(264.0, 96.0, 118.0, 157.0)::(60.0, 8.0)->(0, 0)
[-18.3756141662598, 5.85214185714722, 1.62433552742004]::(264.0, 96.0, 118.0, 157.0)::(60.0, 8.0)->(0, 0)
[-18.6202945709229, 5.63143634796143, 1.68552160263062]::(264.0, 96.0, 118.0, 157.0)::(60.0, 8.0)->(0, 0)
[-17.5901737213135, 6.11151790618896, 1.40934383869171]::(264.0, 96.0, 118.0, 157.0)::(60.0, 8.0)->(0, 0)
[-18.4317455291748, 5.69405269622803, 1.32042407989502]::(264.0, 96.0, 118.0, 157.0)::(60.0, 8.0)->(0, 0)
[-18.392578125, 5.37170934677124, 1.6246155500412]::(264.0, 96.0, 118.0, 157.0)::(60.0, 8.0)->(0, 0)
[-17.7186126708984, 5.67781019210815, 1.59291470050812]::(267.0, 101.0, 110.0, 146.0)::(60.0, 8.0)->(0, 0)
[-17.8450870513916, 6.26131057739258, 1.52647817134857]::(267.0, 101.0, 110.0, 146.0)::(56.0, 8.0)->(0, 0)
[-18.1501770019531, 6.44635915756226, 1.17338192462921]::(264.0, 97.0, 119.0, 158.0)::(84.0, 8.0)->(1, 0)
[-17.2285766601562, 6.87877559661865, 1.11472916603088]::(267.0, 99.0, 110.0, 146.0)::(84.0, 8.0)->(1, 0)
[-16.8256454467773, 6.78999328613281, 0.732764780521393]::(267.0, 99.0, 110.0, 146.0)::(66.0, 7.0)->(1, 0)
[-18.3534107208252, 7.51168918609619, 0.832426905632019]::(267.0, 99.0, 110.0, 146.0)::(66.0, 7.0)->(1, 0)
[-17.2627716064453, 7.41628694534302, 0.569506168365479]::(267.0, 99.0, 110.0, 146.0)::(66.0, 7.0)->(1, 0)
[-17.6824054718018, 7.71648550033569, 0.978281259536743]::(267.0, 99.0, 110.0, 146.0)::(66.0, 7.0)->(1, 0)
[-18.1148223876953, 7.06578636169434, 0.790976524353027]::(267.0, 99.0, 110.0, 146.0)::(66.0, 7.0)->(1, 0)
[-18.3215675354004, 7.61350011825562, 0.436103492975235]::(267.0, 99.0, 110.0, 146.0)::(66.0, 7.0)->(1, 0)
[-17.8986854553223, 7.24678897857666, 0.575633466243744]::(267.0, 99.0, 110.0, 146.0)::(66.0, 7.0)->(1, 0)
[-17.9662227630615, 7.12858200073242, 0.711913645267487]::(267.0, 99.0, 110.0, 146.0)::(66.0, 7.0)->(1, 0)
[-16.7403831481934, 7.63116979598999, -0.0359196290373802]::(268.0, 99.0, 118.0, 157.0)::(95.0, 7.0)->(2, 0)
[-18.1836452484131, 7.46302604675293, -0.161105901002884]::(268.0, 99.0, 118.0, 157.0)::(95.0, 7.0)->(2, 0)
[-17.498929977417, 7.65736627578735, -0.110168181359768]::(268.0, 99.0, 118.0, 157.0)::(100.0, 7.0)->(2, 0)
[-17.4406833648682, 7.77855253219604, -0.126794457435608]::(268.0, 99.0, 118.0, 157.0)::(95.0, 7.0)->(2, 0)
[-17.5989761352539, 6.71540451049805, -0.118087917566299]::(268.0, 99.0, 118.0, 157.0)::(75.0, 7.0)->(2, 0)
[-18.370189666748, 7.20091485977173, -0.497227311134338]::(268.0, 99.0, 118.0, 157.0)::(75.0, 7.0)->(2, 0)
[-17.9450969696045, 6.84779167175293, -0.243671670556068]::(268.0, 99.0, 118.0, 157.0)::(75.0, 7.0)->(2, 0)
[-17.7897205352783, 7.34348487854004, -0.2292260825634]::(268.0, 99.0, 118.0, 157.0)::(75.0, 7.0)->(2, 0)
[-18.0952377319336, 7.36823034286499, -0.192089170217514]::(268.0, 99.0, 118.0, 157.0)::(75.0, 7.0)->(2, 0)
[-17.9888496398926, 7.62956237792969, -0.353882282972336]::(268.0, 99.0, 118.0, 157.0)::(75.0, 7.0)->(2, 0)
[-17.3397560119629, 8.46593570709229, -0.632448554039001]::(268.0, 99.0, 118.0, 157.0)::(100.0, 7.0)->(3, 0)
[-17.0922889709473, 8.14638710021973, -0.536924242973328]::(268.0, 99.0, 118.0, 157.0)::(100.0, 7.0)->(3, 0)
[-17.7951278686523, 8.9701042175293, -0.805882453918457]::(268.0, 99.0, 118.0, 157.0)::(100.0, 7.0)->(3, 0)
[-16.9047679901123, 7.92524862289429, -0.617951214313507]::(268.0, 99.0, 118.0, 157.0)::(95.0, 7.0)->(3, 0)
[-18.1729278564453, 8.274094581604, -0.809369206428528]::(268.0, 99.0, 118.0, 157.0)::(100.0, 7.0)->(3, 0)
[-17.1370697021484, 7.5669002532959, -0.656609654426575]::(268.0, 99.0, 118.0, 157.0)::(100.0, 7.0)->(3, 0)
[-16.9997863769531, 8.59435653686523, -0.661097824573517]::(268.0, 99.0, 118.0, 157.0)::(100.0, 7.0)->(3, 0)
[-17.1578598022461, 9.31058216094971, -0.820203065872192]::(268.0, 99.0, 118.0, 157.0)::(100.0, 7.0)->(3, 0)
[-17.4197998046875, 7.79081773757935, -0.71192854642868]::(268.0, 99.0, 118.0, 157.0)::(100.0, 7.0)->(3, 0)
[-17.6311988830566, 8.79591464996338, -0.556751310825348]::(268.0, 99.0, 118.0, 157.0)::(100.0, 7.0)->(3, 0)
[-17.5420379638672, 10.8725290298462, -1.6139954328537]::(268.0, 99.0, 118.0, 157.0)::(108.0, 7.0)->(4, 0)
[-17.0163898468018, 11.8863391876221, -1.55809044837952]::(268.0, 99.0, 118.0, 157.0)::(108.0, 7.0)->(4, 0)
[-17.0756454467773, 12.0282115936279, -1.7523695230484]::(268.0, 99.0, 118.0, 157.0)::(108.0, 7.0)->(4, 0)
[-17.3278026580811, 11.8297643661499, -2.01064395904541]::(268.0, 99.0, 118.0, 157.0)::(112.0, 7.0)->(4, 0)
[-17.1473979949951, 11.3018035888672, -1.64999783039093]::(268.0, 99.0, 118.0, 157.0)::(112.0, 7.0)->(4, 0)
[-17.5564575195312, 11.4402208328247, -1.89616894721985]::(268.0, 99.0, 118.0, 157.0)::(112.0, 7.0)->(4, 0)
[-16.9045734405518, 11.6971731185913, -1.79759776592255]::(268.0, 99.0, 118.0, 157.0)::(116.0, 7.0)->(4, 0)
[-17.0749969482422, 11.2608280181885, -1.60178422927856]::(268.0, 99.0, 118.0, 157.0)::(116.0, 7.0)->(4, 0)
[-17.4266719818115, 12.0521221160889, -2.02144050598145]::(268.0, 99.0, 118.0, 157.0)::(116.0, 7.0)->(4, 0)
[-17.3389797210693, 11.7074241638184, -1.89622569084167]::(268.0, 99.0, 118.0, 157.0)::(112.0, 7.0)->(4, 0)
[-18.9699211120605, 20.1700420379639, -1.23507332801819]::(255.0, 111.0, 124.0, 165.0)::(48.0, 8.0)->(0, 0)
[-18.9547214508057, 19.7103004455566, -1.23031389713287]::(255.0, 111.0, 124.0, 165.0)::(48.0, 8.0)->(0, 0)
[-19.203067779541, 19.4133281707764, -1.13157296180725]::(255.0, 111.0, 124.0, 165.0)::(48.0, 8.0)->(0, 0)
[-18.912654876709, 19.8335418701172, -1.34759175777435]::(255.0, 111.0, 124.0, 165.0)::(48.0, 8.0)->(0, 0)
[-18.563175201416, 19.507194519043, -1.07057821750641]::(255.0, 111.0, 124.0, 165.0)::(48.0, 8.0)->(0, 0)
[-18.9061183929443, 19.7929534912109, -1.0742689371109]::(255.0, 111.0, 124.0, 165.0)::(48.0, 8.0)->(0, 0)
[-19.0521507263184, 19.7876148223877, -1.07620000839233]::(255.0, 111.0, 124.0, 165.0)::(48.0, 8.0)->(0, 0)
[-18.6245403289795, 20.1081809997559, -1.32709836959839]::(255.0, 111.0, 124.0, 165.0)::(48.0, 8.0)->(0, 0)
[-18.9740161895752, 19.7459087371826, -1.05610418319702]::(255.0, 111.0, 124.0, 165.0)::(48.0, 8.0)->(0, 0)
[-18.9326667785645, 19.7803821563721, -1.20684885978699]::(255.0, 111.0, 124.0, 165.0)::(48.0, 8.0)->(0, 0)
[-19.6941013336182, 20.6161651611328, -1.66490697860718]::(262.0, 109.0, 128.0, 170.0)::(62.0, 8.0)->(1, 0)
[-19.2586898803711, 19.7732524871826, -1.43235230445862]::(262.0, 109.0, 128.0, 170.0)::(55.0, 8.0)->(1, 0)
[-19.7540130615234, 20.3139266967773, -1.66025161743164]::(262.0, 109.0, 128.0, 170.0)::(51.0, 8.0)->(1, 0)
[-19.3634490966797, 19.6157569885254, -1.4930716753006]::(262.0, 109.0, 128.0, 170.0)::(55.0, 8.0)->(1, 0)
[-19.6221790313721, 19.9626865386963, -1.72443640232086]::(262.0, 109.0, 128.0, 170.0)::(59.0, 8.0)->(1, 0)
[-19.5488834381104, 20.2790756225586, -1.73259007930756]::(262.0, 109.0, 128.0, 170.0)::(55.0, 8.0)->(1, 0)
[-18.8961944580078, 19.8354225158691, -1.53350579738617]::(262.0, 109.0, 128.0, 170.0)::(59.0, 8.0)->(1, 0)
[-19.0987110137939, 20.3445529937744, -1.50090563297272]::(262.0, 109.0, 128.0, 170.0)::(55.0, 8.0)->(1, 0)
[-19.415111541748, 20.2751407623291, -1.59331178665161]::(262.0, 109.0, 128.0, 170.0)::(55.0, 8.0)->(1, 0)
[-19.5670509338379, 20.1630535125732, -1.55737805366516]::(262.0, 109.0, 128.0, 170.0)::(55.0, 8.0)->(1, 0)
[-19.5075607299805, 20.8995590209961, -1.72252476215363]::(265.0, 108.0, 127.0, 169.0)::(74.0, 7.0)->(2, 0)
[-19.3821487426758, 21.2079315185547, -1.84709143638611]::(265.0, 108.0, 127.0, 169.0)::(74.0, 7.0)->(2, 0)
[-18.7424983978271, 20.1868572235107, -1.57091045379639]::(265.0, 108.0, 127.0, 169.0)::(74.0, 7.0)->(2, 0)
[-19.3125343322754, 20.5875930786133, -2.00395274162292]::(265.0, 108.0, 127.0, 169.0)::(77.0, 7.0)->(2, 0)
[-19.3161563873291, 20.8560428619385, -1.98333120346069]::(265.0, 108.0, 127.0, 169.0)::(74.0, 7.0)->(2, 0)
[-19.1855278015137, 20.1334743499756, -1.60456931591034]::(265.0, 108.0, 127.0, 169.0)::(74.0, 7.0)->(2, 0)
[-20.3568592071533, 20.8234844207764, -2.01581954956055]::(265.0, 108.0, 127.0, 169.0)::(74.0, 7.0)->(2, 0)
[-19.9485416412354, 20.1294765472412, -1.8121337890625]::(265.0, 108.0, 127.0, 169.0)::(74.0, 7.0)->(2, 0)
[-19.0268230438232, 20.464485168457, -1.66977667808533]::(265.0, 108.0, 127.0, 169.0)::(77.0, 7.0)->(2, 0)
[-18.4584884643555, 20.957727432251, -1.93662250041962]::(265.0, 108.0, 127.0, 169.0)::(74.0, 7.0)->(2, 0)
[-19.8973693847656, 20.6442203521729, -2.19234323501587]::(265.0, 108.0, 127.0, 169.0)::(88.0, 7.0)->(3, 0)
[-18.9784278869629, 20.1170330047607, -1.79830574989319]::(265.0, 108.0, 127.0, 169.0)::(88.0, 7.0)->(3, 0)
[-19.8276138305664, 20.6906070709229, -2.06771421432495]::(265.0, 108.0, 127.0, 169.0)::(88.0, 7.0)->(3, 0)
[-18.7666149139404, 19.9843845367432, -2.02286410331726]::(265.0, 108.0, 127.0, 169.0)::(88.0, 7.0)->(3, 0)
[-18.899263381958, 21.1288528442383, -2.25394749641418]::(265.0, 108.0, 127.0, 169.0)::(88.0, 7.0)->(3, 0)
[-18.8183517456055, 20.625452041626, -2.15270757675171]::(265.0, 108.0, 127.0, 169.0)::(85.0, 9.0)->(3, 0)
[-18.4010372161865, 20.6855659484863, -1.95331799983978]::(265.0, 108.0, 127.0, 169.0)::(89.0, 9.0)->(3, 0)
[-18.4153022766113, 20.882905960083, -2.29875445365906]::(265.0, 108.0, 127.0, 169.0)::(89.0, 9.0)->(3, 0)
[-18.6387481689453, 20.3611297607422, -2.10718202590942]::(265.0, 108.0, 127.0, 169.0)::(89.0, 9.0)->(3, 0)
[-18.6742305755615, 20.7472591400146, -2.37645530700684]::(265.0, 108.0, 127.0, 169.0)::(89.0, 9.0)->(3, 0)
[-19.0203666687012, 20.9873218536377, -2.70917177200317]::(265.0, 111.0, 127.0, 169.0)::(126.0, 8.0)->(4, 0)
[-19.2787914276123, 20.7419509887695, -2.52880764007568]::(265.0, 111.0, 127.0, 169.0)::(126.0, 8.0)->(4, 0)
[-18.8932800292969, 21.3421382904053, -2.78866291046143]::(265.0, 111.0, 127.0, 169.0)::(126.0, 8.0)->(4, 0)
[-18.4003295898438, 21.0464115142822, -2.4780330657959]::(265.0, 111.0, 127.0, 169.0)::(123.0, 8.0)->(4, 0)
[-18.7266807556152, 21.1550483703613, -2.68497180938721]::(265.0, 111.0, 127.0, 169.0)::(123.0, 8.0)->(4, 0)
[-19.1462650299072, 21.1979389190674, -2.79318571090698]::(265.0, 111.0, 127.0, 169.0)::(126.0, 8.0)->(4, 0)
[-19.6809711456299, 21.119140625, -2.86604022979736]::(265.0, 111.0, 127.0, 169.0)::(126.0, 8.0)->(4, 0)
[-19.0819034576416, 20.8158340454102, -2.5676953792572]::(265.0, 111.0, 127.0, 169.0)::(126.0, 8.0)->(4, 0)
[-19.0656147003174, 21.473783493042, -2.77579998970032]::(265.0, 111.0, 127.0, 169.0)::(130.0, 8.0)->(4, 0)
[-20.1029529571533, 21.2013397216797, -2.84661769866943]::(265.0, 111.0, 127.0, 169.0)::(130.0, 8.0)->(4, 0)
[-17.7671794891357, -10.5667152404785, 3.21766114234924]::(271.0, 104.0, 113.0, 150.0)::(82.0, 9.0)->(0, 0)
[-17.353630065918, -10.5508508682251, 2.78746151924133]::(271.0, 104.0, 113.0, 150.0)::(78.0, 9.0)->(0, 0)
[-16.1475791931152, -11.0774307250977, 3.08431434631348]::(271.0, 104.0, 113.0, 150.0)::(82.0, 9.0)->(0, 0)
[-17.265007019043, -10.6061992645264, 2.91708970069885]::(271.0, 104.0, 113.0, 150.0)::(78.0, 9.0)->(0, 0)
[-17.2786502838135, -10.9648857116699, 2.8006272315979]::(271.0, 104.0, 113.0, 150.0)::(78.0, 9.0)->(0, 0)
[-17.198787689209, -10.3252859115601, 2.74894404411316]::(271.0, 104.0, 113.0, 150.0)::(78.0, 9.0)->(0, 0)
[-17.13698387146, -11.4744215011597, 3.04228639602661]::(271.0, 104.0, 113.0, 150.0)::(78.0, 9.0)->(0, 0)
[-17.5576343536377, -11.273120880127, 3.08832240104675]::(271.0, 104.0, 113.0, 150.0)::(78.0, 9.0)->(0, 0)
[-17.1515007019043, -11.0156841278076, 3.10837507247925]::(271.0, 104.0, 113.0, 150.0)::(78.0, 9.0)->(0, 0)
[-16.9272556304932, -11.125072479248, 3.00382590293884]::(271.0, 104.0, 113.0, 150.0)::(78.0, 9.0)->(0, 0)
[-18.1044692993164, -11.1419801712036, 3.06789541244507]::(271.0, 104.0, 113.0, 150.0)::(91.0, 9.0)->(1, 0)
[-17.8279247283936, -11.0503759384155, 3.12427258491516]::(271.0, 104.0, 113.0, 150.0)::(91.0, 9.0)->(1, 0)
[-17.9340858459473, -10.2257146835327, 2.82913494110107]::(271.0, 104.0, 113.0, 150.0)::(91.0, 9.0)->(1, 0)
[-17.7221260070801, -10.0204172134399, 2.750563621521]::(271.0, 104.0, 113.0, 150.0)::(91.0, 9.0)->(1, 0)
[-16.1983375549316, -11.2834539413452, 3.14064526557922]::(271.0, 104.0, 113.0, 150.0)::(91.0, 9.0)->(1, 0)
[-18.4898529052734, -11.3686246871948, 3.02916383743286]::(271.0, 104.0, 113.0, 150.0)::(86.0, 9.0)->(1, 0)
[-17.1588172912598, -11.229549407959, 2.75954270362854]::(271.0, 104.0, 113.0, 150.0)::(86.0, 9.0)->(1, 0)
[-17.2681655883789, -10.2697038650513, 2.67878198623657]::(271.0, 104.0, 113.0, 150.0)::(91.0, 9.0)->(1, 0)
[-18.0677433013916, -10.6399908065796, 2.84840106964111]::(271.0, 104.0, 113.0, 150.0)::(91.0, 9.0)->(1, 0)
[-17.34547996521, -11.3576717376709, 2.87889385223389]::(271.0, 104.0, 113.0, 150.0)::(91.0, 9.0)->(1, 0)
[-17.3572807312012, -9.60657596588135, 2.60386848449707]::(271.0, 104.0, 113.0, 150.0)::(108.0, 9.0)->(2, 0)
[-18.3879165649414, -10.3318138122559, 2.70026135444641]::(271.0, 104.0, 113.0, 150.0)::(117.0, 9.0)->(2, 0)
[-17.7814807891846, -10.2562999725342, 2.56229400634766]::(271.0, 104.0, 113.0, 150.0)::(117.0, 9.0)->(2, 0)
[-17.4851169586182, -9.7824764251709, 2.75744867324829]::(271.0, 104.0, 113.0, 150.0)::(113.0, 9.0)->(2, 0)
[-17.6836681365967, -9.65840339660645, 2.43121385574341]::(271.0, 104.0, 113.0, 150.0)::(113.0, 9.0)->(2, 0)
[-18.5118770599365, -9.907301902771, 2.49136424064636]::(271.0, 104.0, 113.0, 150.0)::(108.0, 9.0)->(2, 0)
[-17.7861614227295, -9.88822650909424, 2.556227684021]::(271.0, 104.0, 113.0, 150.0)::(117.0, 9.0)->(2, 0)
[-18.1490993499756, -10.5405445098877, 2.57369756698608]::(271.0, 104.0, 113.0, 150.0)::(113.0, 9.0)->(2, 0)
[-17.6568698883057, -9.45362377166748, 2.34812164306641]::(271.0, 104.0, 113.0, 150.0)::(117.0, 9.0)->(2, 0)
[-17.632173538208, -9.20684623718262, 2.47445559501648]::(271.0, 104.0, 113.0, 150.0)::(117.0, 9.0)->(2, 0)
[-18.1919384002686, -10.2280807495117, 3.53442454338074]::(260.0, 106.0, 115.0, 153.0)::(112.0, 9.0)->(3, 0)
[-18.7444915771484, -10.6624097824097, 3.59334683418274]::(260.0, 106.0, 115.0, 153.0)::(112.0, 9.0)->(3, 0)
[-19.0075416564941, -11.0811052322388, 3.67946863174438]::(260.0, 106.0, 115.0, 153.0)::(116.0, 9.0)->(3, 0)
[-19.2502479553223, -10.9540014266968, 3.6929829120636]::(260.0, 106.0, 115.0, 153.0)::(116.0, 9.0)->(3, 0)
[-19.1483726501465, -10.5533485412598, 3.5530686378479]::(260.0, 106.0, 115.0, 153.0)::(116.0, 9.0)->(3, 0)
[-18.6346607208252, -10.7426500320435, 3.33186101913452]::(260.0, 106.0, 115.0, 153.0)::(116.0, 9.0)->(3, 0)
[-18.9249153137207, -11.3206739425659, 3.36001777648926]::(260.0, 106.0, 115.0, 153.0)::(116.0, 9.0)->(3, 0)
[-19.0680351257324, -11.7582120895386, 3.42133474349976]::(260.0, 106.0, 115.0, 153.0)::(116.0, 9.0)->(3, 0)
[-18.6148490905762, -10.9576778411865, 3.48951840400696]::(260.0, 106.0, 115.0, 153.0)::(116.0, 9.0)->(3, 0)
[-18.9263610839844, -10.8775663375854, 3.37447333335876]::(260.0, 106.0, 115.0, 153.0)::(116.0, 9.0)->(3, 0)
[-18.0200634002686, -11.152886390686, 3.29609370231628]::(260.0, 106.0, 115.0, 153.0)::(133.0, 9.0)->(4, 0)
[-19.4051856994629, -11.2143592834473, 3.36375784873962]::(260.0, 106.0, 115.0, 153.0)::(133.0, 9.0)->(4, 0)
[-18.2732334136963, -11.3066568374634, 3.0536687374115]::(260.0, 106.0, 115.0, 153.0)::(141.0, 9.0)->(4, 0)
[-17.7924709320068, -10.6722393035889, 2.91049933433533]::(260.0, 106.0, 115.0, 153.0)::(133.0, 9.0)->(4, 0)
[-17.9349422454834, -11.2664499282837, 3.09988856315613]::(260.0, 106.0, 115.0, 153.0)::(129.0, 9.0)->(4, 0)
[-18.8223438262939, -10.0268821716309, 3.43355345726013]::(260.0, 106.0, 115.0, 153.0)::(129.0, 9.0)->(4, 0)
[-18.246862411499, -11.2537250518799, 3.2426130771637]::(260.0, 106.0, 115.0, 153.0)::(133.0, 9.0)->(4, 0)
[-18.5793933868408, -10.1116456985474, 3.07484841346741]::(260.0, 106.0, 115.0, 153.0)::(133.0, 9.0)->(4, 0)
[-19.0160045623779, -10.7853393554688, 3.36347031593323]::(260.0, 106.0, 115.0, 153.0)::(133.0, 9.0)->(4, 0)
[-18.0585784912109, -10.7663040161133, 2.98404288291931]::(260.0, 106.0, 115.0, 153.0)::(133.0, 9.0)->(4, 0)
[-16.0374431610107, -16.1932125091553, 3.66929078102112]::(267.0, 114.0, 109.0, 145.0)::(69.0, 9.0)->(0, 0)
[-15.6710014343262, -16.3818988800049, 3.37851643562317]::(267.0, 114.0, 109.0, 145.0)::(69.0, 9.0)->(0, 0)
[-16.6810970306396, -16.6178092956543, 3.70779037475586]::(267.0, 114.0, 109.0, 145.0)::(69.0, 9.0)->(0, 0)
[-17.0243377685547, -16.0927410125732, 3.92865705490112]::(267.0, 114.0, 109.0, 145.0)::(69.0, 9.0)->(0, 0)
[-16.3970489501953, -17.3277149200439, 3.982741355896]::(267.0, 114.0, 109.0, 145.0)::(69.0, 9.0)->(0, 0)
[-16.7733287811279, -16.8487701416016, 4.09035110473633]::(267.0, 114.0, 109.0, 145.0)::(73.0, 9.0)->(0, 0)
[-16.2332420349121, -16.6803665161133, 3.72252821922302]::(267.0, 114.0, 109.0, 145.0)::(69.0, 9.0)->(0, 0)
[-16.9530124664307, -17.3416061401367, 3.67775249481201]::(267.0, 114.0, 109.0, 145.0)::(69.0, 9.0)->(0, 0)
[-16.4098606109619, -16.1489372253418, 3.67039036750793]::(267.0, 114.0, 109.0, 145.0)::(69.0, 9.0)->(0, 0)
[-16.2466697692871, -17.0573825836182, 4.06444263458252]::(267.0, 114.0, 109.0, 145.0)::(69.0, 9.0)->(0, 0)
[-16.723804473877, -16.8525371551514, 3.62826180458069]::(259.0, 109.0, 117.0, 156.0)::(78.0, 9.0)->(1, 0)
[-17.3311138153076, -16.7010269165039, 3.58365082740784]::(259.0, 109.0, 117.0, 156.0)::(78.0, 9.0)->(1, 0)
[-16.9130382537842, -16.6892757415771, 3.06073427200317]::(259.0, 109.0, 117.0, 156.0)::(78.0, 9.0)->(1, 0)
[-16.5318908691406, -16.4795780181885, 3.30002164840698]::(259.0, 109.0, 117.0, 156.0)::(78.0, 9.0)->(1, 0)
[-17.3547344207764, -17.0206775665283, 3.55257701873779]::(259.0, 109.0, 117.0, 156.0)::(82.0, 9.0)->(1, 0)
[-17.8590316772461, -16.4995555877686, 3.748295545578]::(263.0, 115.0, 109.0, 145.0)::(78.0, 9.0)->(1, 0)
[-18.2620811462402, -15.5380830764771, 3.61213970184326]::(263.0, 115.0, 109.0, 145.0)::(78.0, 9.0)->(1, 0)
[-17.515079498291, -15.7781553268433, 3.68637275695801]::(263.0, 115.0, 109.0, 145.0)::(91.0, 10.0)->(1, 0)
[-17.5142917633057, -15.6841154098511, 3.45365715026855]::(263.0, 115.0, 109.0, 145.0)::(100.0, 10.0)->(1, 0)
[-17.1866455078125, -15.9623689651489, 3.38504767417908]::(263.0, 115.0, 109.0, 145.0)::(100.0, 10.0)->(1, 0)
[-17.1846790313721, -15.6061410903931, 3.24638772010803]::(262.0, 114.0, 111.0, 148.0)::(113.0, 10.0)->(2, 0)
[-16.2377243041992, -16.0080680847168, 2.89951086044312]::(262.0, 114.0, 111.0, 148.0)::(113.0, 10.0)->(2, 0)
[-16.5160942077637, -16.4559173583984, 3.3220419883728]::(262.0, 114.0, 111.0, 148.0)::(113.0, 10.0)->(2, 0)
[-16.7386837005615, -15.6936349868774, 3.25269794464111]::(262.0, 114.0, 111.0, 148.0)::(113.0, 10.0)->(2, 0)
[-16.6537094116211, -16.4913921356201, 3.08040261268616]::(262.0, 114.0, 111.0, 148.0)::(113.0, 10.0)->(2, 0)
[-16.0974864959717, -15.8916797637939, 2.9837429523468]::(262.0, 114.0, 111.0, 148.0)::(113.0, 10.0)->(2, 0)
[-16.6072120666504, -16.1481781005859, 3.15291404724121]::(262.0, 114.0, 111.0, 148.0)::(108.0, 10.0)->(2, 0)
[-16.4713306427002, -15.3755445480347, 3.08641934394836]::(262.0, 114.0, 111.0, 148.0)::(108.0, 10.0)->(2, 0)
[-16.9537677764893, -16.2908840179443, 3.03680896759033]::(262.0, 114.0, 111.0, 148.0)::(108.0, 10.0)->(2, 0)
[-16.0685214996338, -16.8027954101562, 3.17101192474365]::(262.0, 114.0, 111.0, 148.0)::(108.0, 10.0)->(2, 0)
[-14.9321737289429, -18.359094619751, 3.15597033500671]::(266.0, 114.0, 106.0, 141.0)::(117.0, 10.0)->(3, 0)
[-15.7320194244385, -17.0111026763916, 3.08618569374084]::(259.0, 112.0, 116.0, 154.0)::(113.0, 10.0)->(3, 0)
[-15.6084680557251, -16.5879058837891, 3.12057447433472]::(259.0, 112.0, 116.0, 154.0)::(121.0, 10.0)->(3, 0)
[-16.8083190917969, -16.4260234832764, 3.19244956970215]::(259.0, 112.0, 116.0, 154.0)::(121.0, 10.0)->(3, 0)
[-16.1495914459229, -16.993034362793, 3.20232844352722]::(259.0, 112.0, 116.0, 154.0)::(121.0, 10.0)->(3, 0)
[-15.6064224243164, -16.6499404907227, 3.02762269973755]::(259.0, 112.0, 116.0, 154.0)::(121.0, 10.0)->(3, 0)
[-16.1068286895752, -16.6822700500488, 3.28396534919739]::(259.0, 112.0, 116.0, 154.0)::(121.0, 10.0)->(3, 0)
[-16.007007598877, -16.662841796875, 2.9527952671051]::(259.0, 112.0, 116.0, 154.0)::(121.0, 10.0)->(3, 0)
[-16.3416366577148, -16.6257095336914, 3.16711473464966]::(259.0, 112.0, 116.0, 154.0)::(113.0, 10.0)->(3, 0)
[-16.0894508361816, -16.9482440948486, 3.09103751182556]::(259.0, 112.0, 116.0, 154.0)::(113.0, 10.0)->(3, 0)
[-16.7466049194336, -16.218822479248, 2.93440961837769]::(259.0, 112.0, 116.0, 154.0)::(145.0, 10.0)->(4, 0)
[-16.852710723877, -16.5211067199707, 2.91347312927246]::(259.0, 112.0, 116.0, 154.0)::(141.0, 10.0)->(4, 0)
[-17.060567855835, -17.1598815917969, 3.14891672134399]::(259.0, 112.0, 116.0, 154.0)::(145.0, 10.0)->(4, 0)
[-17.0211505889893, -16.8514461517334, 3.06308650970459]::(259.0, 112.0, 116.0, 154.0)::(145.0, 9.0)->(4, 0)
[-16.9309177398682, -17.6871700286865, 3.25154900550842]::(256.0, 106.0, 124.0, 165.0)::(145.0, 9.0)->(4, 0)
[-15.5560531616211, -16.7191314697266, 2.75821232795715]::(256.0, 106.0, 124.0, 165.0)::(145.0, 9.0)->(4, 0)
[-16.6204433441162, -16.6302490234375, 3.04478597640991]::(256.0, 106.0, 124.0, 165.0)::(145.0, 9.0)->(4, 0)
[-15.2441625595093, -16.7808742523193, 2.82084369659424]::(264.0, 114.0, 109.0, 145.0)::(145.0, 9.0)->(4, 0)
[-15.1841287612915, -16.5255298614502, 2.67488789558411]::(264.0, 114.0, 109.0, 145.0)::(141.0, 9.0)->(4, 0)
[-15.6532583236694, -16.2692775726318, 2.77008581161499]::(264.0, 114.0, 109.0, 145.0)::(145.0, 9.0)->(4, 0)
